0.498458
0.344665
0.430559
0.328651
0.443919
0.0842424
0.281712
0.136503
0.364131
0.488685
0.269259
0.0290181
0.29852
0.462882
0.0909412
0.438544
0.0686805
0.407371
0.192851
0.0685095
0.27614
0.49396
0.161336
0.0636534
0.254752
0.0828353
0.0380241
0.155755
0.0371741
0.155422
0.0395014
0.364055
0.230828
0.0912033
0.110427
0.0482167
0.287355
0.00465001
0.0517864
0.034726
0.0274824
0.00061584
0.358603
0.259449
0.214213
0.223787
0.0135705
0.0157886
0.219957
0.18452
0.227191
0.00251879
0.000139078
0.314169
0.00139514
0.0526161
0.0026893
0.026635
0.121337
0.243863
0.210959
0.10061
0.122712
0.15849
0.434785
0.431049
0.152301
0.00295308
0.181843
0.0179747
0.154317
0.414075
0.341711
0.146053
0.277852
0.401334
0.332715
0.353241
0.135312
0.196234
0.422402
0.149952
0.343898
0.482164
0.440207
0.112768
0.485802
0.465594
0.499931
0.42579
0.00172815
0.133828
0.495922
0.0101628
0.00112037
0.257401
0.432228
0.462551
0.216749
0.00367576
0.231062
0.00542538
0.170374
0.0263685
0.000261561
0.0126421
0.000103885
0.113283
0.279002
0.209263
0.474043
0.029094
0.00730295
0.191197
0.0254086
0.0799271
0.334442
0.237316
0.286956
0.277499
0.166774
0.0155736
0.462953
0.218131
0.299459
0.348029
0.497248
0.369447
0.0264306
0.16133
0.442138
0.450765
0.0031836
0.346389
0.0956471
0.00196544
0.454685
0.227681
0.037717
0.2526
0.307689
0.0257406
0.387437
0.32077
0.00811092
0.151359
0.204562
0.341631
0.0299849
0.104695
0.226951
0.214053
0.177793
0.0081752
0.298337
