-0.999984 -0.736924 
-0.905911 0.357729 
-0.232996 0.0388327 
-0.893077 0.0594004 
-0.233169 -0.866316 
-0.165028 0.373545 
-0.81607 0.307838 
-0.168001 0.402381 
-0.475094 -0.905071 
-0.505922 0.965101 
-0.45458 -0.127177 
-0.524451 -0.450186 
-0.28147 -0.666986 
0.0325839 -0.361934 
-0.467711 -0.818534 
0.00141419 -0.231716 
-0.445836 0.827635 
0.0594948 -0.0711084 
-0.968265 0.376911 
-0.53361 -0.387356 
-0.29797 0.0265474 
-0.175838 0.683021 
-0.461365 -0.169211 
0.074608 -0.0641653 
-0.425575 -0.643345 
-0.69256 0.14331 
0.0688997 -0.00303976 
-0.680465 -0.574497 
-0.818019 -0.450824 
-0.994001 -0.171413 
-0.946247 0.419639 
-0.638208 -0.364921 
-0.69933 0.362692 
-0.228371 -0.224549 
-0.71636 0.129797 
-0.495747 -0.0229709 
-0.747938 -0.600486 
-0.361501 0.258538 
-0.746576 0.302507 
-0.504316 -0.0471364 
-0.221372 -0.593499 
-0.94325 0.803347 
-0.147005 -0.715958 
-0.737623 0.771297 
-0.815653 -0.675603 
-0.857873 -0.269322 
-0.493885 -0.729781 
-0.300952 -0.0953997 
-0.499749 0.72172 
-0.0574753 0.0119118 
-0.121339 0.649395 
0.0748515 0.0288693 
-0.793132 -0.171943 
-0.119923 0.459495 
-0.600891 0.833268 
-0.568936 -0.107953 
-0.368535 0.0293189 
-0.0649364 0.6133 
-0.269684 -0.576962 
-0.99881 -0.998242 
-0.361645 -0.164553 
-0.589476 0.67284 
-0.810902 -0.836525 
-0.572296 -0.572906 
-0.837878 -0.222354 
-0.220293 -0.461571 
-0.15508 -0.435688 
-0.612065 -0.977368 
-0.616352 0.966472 
-0.511892 0.639452 
-0.72709 -0.203713 
-0.532802 -0.796725 
-0.561179 0.269435 
-0.887119 0.196433 
-0.545985 -0.362444 
0.107823 0.175978 
-0.340667 0.405979 
-0.713909 -0.676625 
-0.729336 0.0570965 
-0.378522 0.176238 
0.0361672 -0.138304 
-0.482314 -0.259547 
-0.213965 -0.106268 
-0.0482076 -0.224338 
-0.441414 -0.843474 
-0.260516 -0.492155 
0.0278727 0.457217 
-0.35688 -0.0791317 
0.0342906 0.322711 
-0.196334 0.211279 
0.0834203 0.0456154 
-0.451581 0.285958 
-0.466773 0.940173 
-0.506534 0.687951 
-0.678502 0.4139 
-0.440977 0.507725 
-0.657642 -0.991492 
-0.673838 0.806602 
0.169574 0.0369568 
-0.8663 0.0880454 
-0.220537 -0.568348 
-0.228461 0.253723 
-0.981305 -0.792405 
-0.55863 -0.889442 
-0.85873 -0.679452 
-0.898795 -0.0443914 
-0.0856762 0.039977 
-0.428115 0.667364 
-0.885049 0.973766 
-0.244899 -0.0206966 
-0.928825 -0.754986 
-0.297363 0.228251 
-0.28615 0.676203 
-0.496945 -0.151328 
-0.510828 0.521235 
-0.47276 0.331007 
-0.766858 -0.580875 
-0.772649 0.0939497 
-0.987841 -0.648051 
-0.834987 0.374829 
-0.24938 0.672413 
-0.752725 0.946692 
-0.940729 -0.839294 
-0.280684 0.538228 
-8.93376e-05 0.498503 
-0.538856 -0.556665 
-0.550398 -0.532617 
-0.904723 0.323987 
-0.75011 0.898314 
-0.0316391 0.242091 
-0.116735 0.0383497 
-0.0645173 -0.341888 
-0.10814 0.486548 
-0.589317 -0.657241 
-0.25496 0.879451 
-0.85933 -0.752302 
-0.152219 -0.345545 
-0.22188 0.870483 
0.0790093 -0.0898552 
-0.196616 -0.519119 
-0.833829 -0.156843 
-0.0552401 -0.420467 
-0.790062 -0.567228 
-0.512499 0.423129 
-0.472674 -0.234357 
-0.837989 -0.0804745 
-0.534266 0.590705 
-0.467762 0.329378 
-0.149618 -0.626351 
-0.65769 0.212003 
-0.872393 -0.305017 
-0.415064 0.0193165 
-0.909319 -0.917159 
-0.69337 0.53413 
-0.876537 0.0386064 
-0.590874 -0.822015 
-0.0107382 -0.476443 
-0.598711 -0.534785 
-0.127808 -0.061003 
-0.535844 0.0730565 
-0.138763 -0.192838 
-0.37679 -0.703219 
0.0830693 0.145613 
-0.681568 0.890501 
-0.91785 -0.312773 
-0.779961 -0.806923 
0.0338162 0.349049 
-0.954401 -0.616032 
-0.867419 -0.718579 
-0.239771 0.172032 
-0.665374 -0.947321 
-0.453498 0.0628546 
-0.805135 0.0974726 
-0.00974932 0.143165 
0.177776 -0.117374 
-0.697566 0.00454946 
-0.896767 0.0441269 
-0.358715 -0.929881 
-0.509715 -0.785639 
-0.234063 0.103659 
0.026297 -0.0266377 
-0.184925 -0.026301 
-0.0404343 0.4209 
-0.173012 0.194952 
-0.712632 0.799042 
-0.497156 0.303029 
-0.990369 0.871872 
-0.449294 0.717532 
-0.442143 0.904862 
-0.167049 0.404943 
-0.11747 -0.310847 
-0.405872 0.515242 
-0.322981 -0.338483 
-0.888788 0.146366 
-0.771051 0.948696 
-0.26521 0.609825 
-0.675592 -0.68084 
-0.884554 -0.701497 
-0.0637972 -0.238783 
-0.175504 0.302589 
-0.383345 -0.879715 
-0.221656 0.623791 
-0.159924 0.159725 
-0.323831 -0.620903 
-0.281241 -0.820294 
-0.677942 -0.166407 
-0.807143 0.349386 
-0.773859 -0.245031 
-0.234761 0.375156 
-0.756521 -0.846356 
-0.713396 -0.0447184 
-0.00273887 -0.0322543 
-0.0985304 -0.000685338 
-0.399757 -0.707609 
-0.779963 -0.839356 
-0.523179 0.92632 
-0.741037 -0.607385 
-0.321762 0.151358 
-0.119464 0.171349 
-0.134245 -0.263595 
-0.235366 0.200265 
-0.141054 -0.702425 
-0.980784 -0.0404428 
-0.245272 -0.284656 
-0.220999 -0.331386 
-0.416949 0.333713 
-0.711715 0.204499 
-0.988824 0.841659 
-0.23609 0.0330629 
-0.311089 -0.471733 
-0.418 0.667296 
-0.751219 0.269239 
-0.902605 -0.0839083 
-0.246367 -0.688254 
-0.976939 0.589762 
-0.16888 -0.358777 
0.0291806 0.43831 
-0.0699859 -0.253281 
-0.899914 -0.852299 
-0.595101 0.132365 
-0.637608 -0.284949 
-0.261919 -0.0738826 
-0.1103 0.191854 
-0.737954 -0.790841 
-0.442409 0.43959 
-0.300942 0.0697524 
-0.167985 0.672751 
0.0523634 0.0719127 
-0.747933 -0.506053 
-0.674084 0.671994 
-0.216889 0.742568 
-0.99992 0.352131 
-0.297215 0.710165 
-0.258326 0.322851 
-0.114753 -0.64716 
-0.816398 0.794489 
-0.933993 0.381863 
-0.0255763 0.13868 
-0.0365595 -0.455114 
-0.745825 0.922872 
-0.985984 0.564949 
-0.899213 0.92011 
-0.725813 -0.741914 
-0.444828 -0.226585 
-0.217013 0.662193 
-0.513997 -0.753111 
-0.597567 0.697391 
-0.954887 -0.788875 
-0.624042 -0.278065 
-0.297655 -0.685691 
-0.415819 -0.661781 
-0.552606 0.342703 
-0.19047 0.773021 
-0.125519 0.399278 
-0.470677 -0.660078 
-0.755558 -0.670801 
-0.149786 0.546405 
-0.572864 -0.132143 
-0.933846 0.858643 
-0.787914 -0.467426 
-0.484951 -0.572168 
-0.435071 -0.238745 
-0.583753 0.857055 
-0.771787 0.582281 
-0.308219 -0.235174 
-0.569902 -0.337417 
-0.96443 0.828736 
-0.31315 0.884139 
-0.275617 -0.295879 
-0.83869 0.143783 
-0.295371 -0.301686 
-0.436911 0.838237 
-0.68492 0.552835 
-0.496089 0.224115 
-0.252676 -0.733413 
-0.476275 -0.747938 
-0.594365 0.50105 
-0.8581 -0.0821725 
-0.604964 0.367892 
-0.837347 0.708473 
-0.694875 -0.759647 
-0.908959 -0.879475 
-0.201571 0.198388 
-0.783903 0.948934 
-0.55492 -0.544475 
-0.996853 -0.104372 
-0.955077 0.0269979 
-0.246997 0.719021 
-0.336393 0.24801 
-0.48176 -0.947999 
-0.246133 -0.758619 
0.1716 0.0852006 
-0.836811 -0.274814 
-0.798382 -0.401578 
-0.612733 -0.196891 
-0.243111 0.035191 
-0.544488 0.798535 
-0.0830381 0.378268 
-0.44197 -0.181443 
-0.392135 -0.614707 
-0.056287 -0.0155852 
0.0592394 -0.362901 
-0.201715 -0.226174 
-0.086242 0.531064 
-0.41501 0.923841 
0.201469 0.085649 
-0.496614 -0.596766 
0.151248 0.027518 
-0.785979 0.047569 
-0.507399 0.143254 
-0.331269 0.357419 
-0.861267 0.689281 
-0.709199 0.488149 
0.170055 0.110905 
-0.0117672 0.229003 
-0.487233 -0.920673 
-0.951666 -0.657213 
-0.252054 -0.268712 
-0.247446 -0.826788 
0.166231 -0.163669 
-0.778387 -0.349475 
-0.120978 0.717022 
-0.751431 0.692651 
-0.619484 0.328691 
-0.72163 -0.433335 
-0.0666648 -0.435538 
-0.0794989 -0.138351 
-0.230468 0.518393 
-0.372027 -0.663035 
-0.668471 -0.992363 
-0.647388 -0.643696 
-0.603895 0.336547 
-0.35319 -0.0660652 
-0.358351 -0.812713 
-0.70445 0.304093 
-0.659307 -0.967851 
-0.669172 -0.781834 
-0.277615 0.122266 
-0.952278 -0.93992 
-0.654848 -0.0259042 
0.166127 0.097813 
-0.0564939 0.506674 
-0.335375 -0.655083 
0.0259273 -0.239147 
-0.990444 -0.397221 
-0.154078 0.416958 
-0.188252 0.0526002 
-0.192624 0.564261 
-0.470422 -0.384282 
-0.630064 0.513253 
-0.345373 -0.691535 
-0.63129 -0.0896016 
-0.937625 -0.665429 
-0.719482 -0.33286 
-0.381763 -0.291347 
-0.674264 -0.355699 
-0.240835 0.282752 
-0.329794 -0.843572 
0.0880575 -0.017756 
-0.424257 -0.494563 
-0.121359 0.317228 
-0.348843 -0.996671 
-0.363247 0.911031 
-0.301462 -0.669187 
-0.91623 0.921912 
-0.797078 -0.490874 
-0.124979 -0.513978 
-0.434813 0.0984569 
-0.5321 0.99658 
-0.477435 -0.24992 
-0.400994 0.491044 
-0.142781 0.28333 
-0.636239 0.726721 
-0.89038 -0.620756 
0.0368746 -0.249126 
-0.542858 0.193895 
-0.830454 0.553968 
-0.896129 0.767129 
-0.856727 0.989322 
-0.460165 -0.000453702 
-0.663128 0.804987 
-0.579872 0.0967303 
-0.254446 -0.473695 
0.0442617 -0.0942337 
-0.956468 0.63841 
-0.245369 0.0835925 
-0.0935436 -0.1865 
-0.511548 0.404559 
-0.572361 0.322355 
-0.185902 -0.447213 
-0.313702 -0.397074 
-0.956688 0.94848 
-0.892496 -0.180084 
-0.672899 0.592076 
-0.976843 0.204013 
0.113034 -0.233238 
-0.0371404 -0.218134 
-0.182655 0.118218 
-0.434475 -0.225234 
-0.765674 -0.676759 
-0.29139 0.61662 
-0.468532 -0.616658 
-0.171102 0.296309 
-0.0601084 -0.24209 
-0.802286 -0.0134905 
-0.734371 -0.567509 
-0.123418 -0.293747 
-0.30012 -0.121699 
-0.397563 0.153276 
0.0130898 -0.000329667 
-0.565875 -0.654146 
-0.229562 -0.250757 
-0.471272 -0.670631 
-0.431838 0.0996274 
-0.0270302 -0.296262 
-0.959194 0.831375 
-0.414255 -0.387877 
-0.599195 -0.672127 
-0.438425 -0.60507 
-0.679985 -0.505949 
-0.216414 0.735983 
-0.334611 0.193405 
0.170515 -0.159897 
0.173972 -0.0513597 
-0.480161 -0.0719343 
-0.999922 0.316129 
-0.816319 0.124612 
-0.826375 -0.881606 
-0.426818 0.476325 
-0.408285 -0.0536193 
-0.0637861 -0.0521558 
-0.582495 0.0127801 
-0.474219 -0.207024 
-0.162654 0.272642 
-0.760006 0.575414 
-0.150135 0.682232 
-0.506417 0.65741 
-0.916793 -0.542798 
-0.812 0.722859 
-0.913018 0.909303 
-0.576795 -0.192585 
-0.782191 -0.275885 
-0.806247 -0.592148 
-0.22582 0.647159 
-0.0829517 -0.169799 
-0.343341 -0.526334 
-0.0970809 0.361487 
-0.482341 -0.708014 
-0.566522 0.465197 
-0.609542 -0.569106 
-0.959084 0.67832 
-0.159604 -0.458597 
-0.899016 0.245628 
-0.780957 0.450469 
-0.964965 -0.174328 
-0.944399 -0.515044 
-0.3402 0.263685 
-0.248463 0.0892805 
-0.630812 -0.0593397 
-0.263301 0.707596 
-0.17437 -0.636038 
0.108887 0.0618612 
-0.298063 0.450583 
-0.718303 -0.524507 
-0.197969 0.735777 
-0.424299 0.813414 
-0.955662 0.183429 
-0.939242 0.164234 
-0.863473 -0.38495 
-0.579933 -0.930058 
-0.449304 0.541188 
-0.251585 -0.394258 
-0.291133 0.934506 
-0.306818 -0.691139 
0.0320183 0.130921 
-0.344319 -0.975077 
-0.118724 0.610987 
0.13412 0.151305 
-0.777651 0.021651 
-0.111028 -0.0504498 
0.0899727 0.170363 
-0.703014 0.451244 
0.0509127 -0.309622 
0.0159349 -0.181714 
-0.498549 0.894061 
-0.422582 -0.334723 
-0.151372 -0.117221 
-0.233695 0.288572 
0.0266397 -0.26596 
-0.168821 0.626469 
-0.941746 0.081111 
-0.768105 0.465774 
0.0215633 0.413639 
0.0241829 0.441896 
-0.0225139 -0.391719 
-0.100347 -0.531978 
-0.953052 0.0553783 
-0.0825639 0.349222 
-0.624728 0.193474 
-0.285676 0.641866 
-0.975273 0.594765 
0.0943805 0.253648 
-0.941892 -0.376025 
-0.993562 -0.791805 
-0.576413 0.232253 
-0.518072 0.756422 
-0.822648 -0.246077 
-0.220486 0.295746 
-0.920501 -0.856037 
-0.917387 -0.524284 
-0.453166 -0.365976 
-0.954545 0.960282 
-0.543326 0.324355 
-0.557574 0.857805 
-0.876505 0.572474 
-0.42302 0.302479 
-0.230775 -0.637682 
-0.435654 -0.0325537 
-0.308637 0.738562 
-0.986887 -0.616313 
-0.376066 -0.548461 
-0.559167 0.0874269 
-0.61621 -0.633885 
-0.0101411 -0.44105 
-0.72186 -0.296462 
-0.632452 0.386456 
-0.835302 -0.913684 
-0.278962 -0.511954 
-0.40637 0.141356 
-0.231707 -0.297808 
-0.799719 -0.881634 
-0.133276 0.0317514 
-0.354371 0.0864502 
-0.986079 0.962578 
0.0540422 0.286443 
-0.429622 -0.656638 
-0.711739 -0.205227 
-0.343658 0.141858 
-0.165497 0.488228 
-0.35281 0.319391 
0.00761668 0.0136132 
-0.0939171 -0.463984 
-0.182191 -0.0907414 
-0.199174 0.486283 
-0.239369 0.925844 
-0.734503 -0.791184 
-0.297895 -0.720326 
-0.513287 -0.806268 
-0.951315 -0.757993 
-0.822386 0.159152 
-0.454944 -0.248259 
-0.486495 -0.523078 
-0.450689 -0.731773 
-0.910675 0.283344 
0.0705481 -0.297802 
-0.844925 -0.656827 
-0.206743 -0.731819 
-0.0531838 0.139856 
-0.534104 -0.691244 
-0.937961 -0.313407 
-0.468169 -0.509085 
-0.185839 0.600064 
-0.71612 0.17351 
0.102681 -0.233087 
-0.744445 0.119245 
-0.233409 -0.897647 
-0.753549 -0.905496 
-0.6704 0.587951 
-0.308707 -0.439776 
-0.739929 0.0162745 
-0.474945 -0.401525 
-0.430938 -0.779436 
-0.382968 -0.547728 
-0.602582 0.398002 
-0.778535 -0.835302 
-0.925016 -0.745679 
-0.62846 -0.531761 
-0.418413 -0.26275 
-0.912922 0.527248 
-0.544593 -0.973715 
-0.873877 0.753393 
-0.280619 -0.356156 
-0.678034 0.287994 
-0.85473 0.555446 
-0.617488 -0.114358 
-0.00442187 -0.318334 
-0.235513 -0.267373 
-0.997398 0.732077 
0.0110574 -0.159113 
-0.21394 0.31047 
0.0759355 0.247859 
-0.239189 -0.0536159 
-0.880985 -0.716728 
-0.05269 0.439282 
-0.980871 0.504447 
-0.38651 -0.0672979 
-0.690461 -0.573586 
-0.266397 0.670208 
-0.892846 -0.0656546 
-0.131752 -0.348331 
-0.406448 0.821658 
-0.396619 0.0215524 
-0.49843 0.884213 
-0.995326 -0.448563 
-0.950015 -0.905628 
-0.883275 0.804505 
-0.691136 0.0700231 
-0.416985 -0.266961 
-0.81651 0.920919 
-0.10934 0.319027 
-0.106374 0.167365 
0.00914761 -0.25618 
-0.782612 0.632422 
-0.879142 0.268462 
-0.251176 0.487672 
-0.769532 0.479455 
-0.571957 -0.87772 
-0.903435 -0.0384968 
-0.763811 0.626761 
-0.603371 -0.858819 
-0.789377 0.944955 
-0.149569 0.19235 
-0.935288 0.60726 
-0.192091 -0.466595 
-0.0606054 -0.595361 
-0.240478 0.291603 
-0.518007 -0.141704 
-0.460587 0.906946 
-0.956643 -0.292738 
-0.44581 -0.726356 
-0.689511 -0.606697 
-0.763294 -0.687769 
-0.446466 0.238244 
-0.460877 0.0417776 
-0.391569 0.907183 
-0.975979 0.720143 
-0.550674 0.814513 
-0.487481 0.900546 
-0.519022 0.803667 
-0.768505 -0.264888 
-0.174591 -0.345001 
-0.438141 0.166041 
-0.780816 0.832988 
-0.73319 -0.727538 
-0.477645 0.221875 
-0.951267 0.0557457 
-0.0879768 -0.625731 
-0.657075 0.542638 
0.114125 0.0969637 
-0.331228 -0.948179 
-0.039476 0.527098 
-0.725349 -0.941528 
-0.26806 0.716233 
-0.274739 0.460302 
-0.307879 -0.520422 
-0.729302 0.624007 
-0.3073 -0.796643 
-0.633597 -0.867853 
0.00488218 0.0548406 
-0.293227 -0.270741 
-0.346311 -0.446705 
-0.922381 -0.459308 
-0.235774 -0.655587 
-0.454241 -0.431036 
-0.423271 0.0874316 
-0.537335 -0.996056 
-0.720232 -0.93668 
-0.781922 0.22963 
-0.606218 -0.697845 
-0.683274 0.221461 
0.0986354 -0.235486 
0.189796 -0.0942238 
-0.388214 -0.715488 
-0.94031 0.213861 
-0.401789 -0.863371 
-0.6796 -0.0304263 
-0.130573 -0.538946 
-0.0585769 -0.502492 
-0.420997 0.305909 
-0.582647 -0.548603 
-0.365611 -0.817294 
-0.263163 -0.984188 
-0.603297 0.382459 
-0.00931068 -0.484677 
-0.784699 -0.437429 
-0.772606 0.803754 
-0.986217 0.655646 
-0.550542 -0.960748 
-0.992281 0.731806 
-0.528519 -0.811597 
-0.502605 0.72255 
-0.101384 0.0372577 
0.1898 -0.0285293 
-0.479007 -0.667297 
0.0129934 0.380332 
-0.947371 -0.457704 
-0.636887 -0.158209 
-0.724707 -0.156995 
-0.615981 -0.795521 
-0.317852 -0.138492 
-0.378517 0.265114 
-0.220711 0.515734 
-0.0514164 -0.154799 
-0.860483 -0.134353 
-0.0688876 0.206118 
-0.696732 0.0296223 
-0.393136 0.564579 
-0.939413 -0.709014 
-0.395641 0.461811 
-0.334505 -0.0242175 
-0.665483 -0.780538 
-0.503091 0.556438 
0.0550894 -0.111974 
-0.713234 0.669889 
-0.872852 -0.0242899 
-0.240114 0.40035 
-0.495936 0.801182 
-0.527914 -0.650293 
0.0976958 -0.0274241 
-0.91759 0.0651255 
-0.925303 0.437081 
0.0214086 -0.186046 
-0.882905 -0.977977 
-0.863026 -0.882655 
-0.779975 0.954231 
-0.232672 -0.518413 
-0.961759 -0.276799 
-0.162632 0.641452 
0.0878008 -0.332433 
0.0609115 -0.260757 
-0.548265 -0.69359 
-0.556779 0.215711 
-0.547383 0.135501 
-0.633555 -0.166516 
-0.632816 0.26647 
-0.922622 -0.508593 
-0.0743564 0.291719 
-0.00630049 0.107604 
-0.225502 -0.00500479 
-0.115571 -0.395618 
-0.363509 0.506632 
-0.811863 -0.988711 
-0.0529614 -0.121753 
-0.309969 0.345989 
-0.960189 0.103982 
-0.374022 -0.185127 
-0.251939 -0.332046 
-0.695619 0.73261 
-0.451893 -0.971014 
-0.584001 0.698717 
-0.65562 0.990916 
0.111388 0.0987462 
-0.371918 -0.821318 
-0.202127 0.859479 
-0.733743 -0.0105195 
-0.800992 -0.274639 
-0.253682 0.361113 
-0.780158 -0.113831 
-0.949927 0.569377 
-0.482494 0.717157 
-0.735373 0.580189 
-0.759569 -0.0770809 
-0.985183 0.0234555 
-0.438992 -0.132125 
-0.626473 0.873734 
-0.13542 -0.0113557 
-0.854694 -0.839278 
-0.923162 0.415652 
-0.13887 0.018195 
-0.19604 -0.841939 
-0.463394 -0.265634 
-0.505519 -0.255683 
-0.851615 0.910068 
-0.479099 -0.221849 
-0.611161 0.221989 
0.149813 -0.0917868 
-0.660098 -0.265901 
-0.997291 0.524644 
-0.310871 -0.804907 
-0.070424 0.384062 
-0.979465 0.135653 
-0.0838026 -0.470517 
0.0251022 -0.107051 
-0.257106 0.827516 
0.0547546 0.261383 
-0.932531 0.951576 
-0.870369 -0.293087 
-0.962888 0.735568 
-0.79064 -0.293151 
-0.983742 0.253723 
0.197297 -0.029447 
-0.916089 -0.714196 
-0.778001 0.143469 
-0.72372 0.437788 
-0.0992116 0.550291 
-0.197407 0.174206 
-0.11659 0.47257 
-0.172982 0.689062 
-0.927279 -0.773084 
-0.175904 -0.42466 
-0.350137 -0.749924 
0.0309282 -0.190406 
-0.149226 -0.0355458 
-0.996025 -0.199434 
0.113894 0.218638 
-0.27775 -0.146332 
-0.0314183 -0.0479593 
-0.0511609 0.13798 
-0.973573 -0.837172 
-0.345823 -0.239098 
-0.517268 0.272201 
-0.895425 0.590895 
-0.827912 -0.714118 
-0.186861 -0.568861 
-0.845028 -0.378738 
-0.536982 0.941043 
-0.551328 -0.166478 
-0.76215 0.549572 
-0.646033 0.123118 
-0.75664 -0.848451 
-0.707672 0.157967 
-0.841148 0.831635 
-0.711101 0.524349 
-0.727997 0.559207 
-0.698631 0.108617 
-0.474396 0.821475 
-0.813357 -0.0902094 
-0.148601 0.466847 
-0.408871 0.100135 
-0.526299 0.498662 
-0.982079 0.194784 
-0.259972 0.649811 
-0.629177 -0.581881 
-0.74033 -0.718426 
-0.583171 0.640252 
-0.935428 0.259772 
-0.464561 0.131612 
-0.996843 0.051858 
-0.423142 0.259453 
0.0852225 0.33379 
0.00319608 -0.283519 
-0.35329 0.253159 
-0.0441564 -0.13613 
-0.744902 0.427176 
-0.455092 -0.731331 
-0.319396 -0.0873361 
-0.825265 -0.221913 
-0.123555 -0.583101 
-0.183101 0.62666 
-0.900008 -0.432709 
-0.546812 -0.272767 
-0.392692 0.0257854 
-0.625235 -0.321444 
-0.505345 0.674635 
-0.0875962 -0.230084 
-0.667268 -0.778761 
-0.635834 -0.464165 
-0.43251 0.801888 
-0.673203 -0.521063 
-0.7635 -0.136678 
-0.325687 0.176365 
-0.610438 0.364382 
0.171113 -0.105017 
-0.45422 -0.0697396 
-0.112819 -0.148475 
-0.688354 0.830983 
-0.345873 0.905699 
0.0855458 -0.232566 
-0.730479 0.845943 
-0.240944 0.460006 
-0.683161 0.107037 
-0.659087 0.73111 
-0.227438 -0.549615 
-0.830006 0.093861 
-0.478874 -0.438222 
-0.452455 -0.415595 
-0.907393 -0.560256 
-0.228187 0.864315 
-0.54346 0.0678097 
-0.321878 0.197677 
-0.0493773 0.116465 
-0.579131 0.546809 
-0.473994 -0.41194 
-0.663612 0.677491 
-0.39789 0.656863 
-0.0955434 0.202343 
-0.480847 0.396771 
0.00534144 -0.226465 
-0.201973 -0.566569 
-0.322902 0.979055 
-0.114319 0.638313 
-0.45495 -0.349438 
-0.808035 -0.649084 
-0.94431 0.982203 
-0.109026 -0.393337 
-0.809025 0.723935 
-0.81828 -0.830679 
-0.402275 0.956101 
-0.815732 -0.00466127 
-0.34198 0.346074 
-0.644798 0.887978 
-0.607481 0.0699038 
-0.814303 0.00191249 
0.0380732 -0.103535 
-0.112491 -0.644424 
-0.832378 0.225632 
0.189924 0.0460377 
-0.244164 0.336154 
-0.253937 0.0753928 
-0.872945 0.411735 
0.0140232 -0.312654 
-0.779745 0.831743 
-0.887839 0.0936263 
-0.423098 0.988839 
-0.585439 0.520198 
-0.520651 -0.575681 
-0.825079 0.899556 
-0.104938 0.301868 
-0.501226 -0.0986087 
0.0146091 -0.464123 
-0.520977 -0.0541234 
-0.160756 0.172782 
-0.0490167 0.176375 
-0.393616 0.498269 
-0.367081 0.475609 
-0.432704 -0.448247 
-0.749451 -0.0254479 
-0.407346 -0.262432 
-0.700295 0.148662 
-0.0732838 0.319511 
-0.380038 0.698166 
0.0791169 -0.282653 
-0.54288 -0.18296 
-0.78056 -0.875563 
-0.189052 0.597287 
-0.341631 0.212219 
0.0160503 -0.242324 
-0.746603 -0.164883 
-0.463979 -0.0979797 
-0.744141 -0.77801 
-0.650766 0.570156 
-0.511199 0.28318 
-0.593553 0.148015 
-0.31231 -0.992176 
-0.743115 0.457847 
-0.966679 -0.971062 
-0.638234 -0.798236 
-0.322534 -0.828174 
-0.0325034 -0.284871 
-0.414294 0.960735 
-0.934138 -0.0611223 
0.0700685 -0.358618 
-0.3002 0.530397 
0.124816 -0.216955 
-0.360982 0.980416 
-0.141638 -0.503121 
0.0405864 0.136397 
-0.44587 0.265686 
-0.616769 -0.0444526 
-0.397853 -0.714695 
0.125769 -0.201495 
-0.534366 0.909069 
-0.614723 0.350014 
-0.0362055 -0.506541 
-0.874991 0.0302292 
-0.825952 0.221983 
-0.562348 0.624825 
-0.559265 0.428143 
-0.205749 -0.0294545 
0.0148471 -0.464223 
-0.188212 0.713944 
-0.742706 -0.655997 
-0.339562 0.983244 
-0.623101 -0.457858 
-0.63633 -0.792565 
-0.63487 -0.265616 
-0.202137 0.675137 
-0.974804 0.461722 
-0.233223 0.21357 
-0.536629 0.878236 
-0.225374 0.146589 
-0.273005 -0.402861 
-0.884557 -0.747485 
-0.97984 -0.175657 
-0.260766 -0.69202 
-0.779683 -0.131576 
-0.605629 -0.798975 
-0.373452 -0.610973 
-0.628007 -0.905935 
-0.0417441 0.40681 
-0.73747 -0.653029 
-0.182157 0.494045 
-0.587746 -0.252496 
-0.999512 -0.794694 
-0.415231 -0.779315 
0.0540109 -0.238487 
-0.247788 -0.577558 
-0.143424 -0.518922 
-0.977025 -0.85951 
-0.395025 0.810369 
-0.126452 0.713951 
-0.63107 -0.400987 
-0.589385 0.213711 
-0.159354 -0.25554 
-0.855629 -0.557289 
-0.349468 0.497273 
-0.329109 0.662068 
-0.63114 0.433667 
-0.418397 -0.0037913 
-0.268841 -0.414239 
-0.951884 -0.308026 
-0.999816 0.0994144 
-0.345112 -0.296998 
-0.0499637 0.259732 
-0.689501 -0.441702 
-0.3489 0.0328433 
-0.704712 -0.102701 
-0.0984069 0.0759322 
-0.00835247 -0.379903 
-0.848942 -0.166447 
-0.482311 -0.205076 
-0.710959 0.906774 
0.156711 -0.164365 
-0.485477 0.587055 
-0.193876 -0.473067 
-0.834178 -0.0239743 
-0.936575 0.982486 
-0.777504 0.493798 
-0.743736 0.0250932 
-0.258256 -0.511286 
-0.235511 -0.236725 
-0.640602 -0.598861 
0.0434405 0.104606 
0.110449 0.308154 
-0.854804 -0.697853 
-0.815805 0.760557 
-0.273543 0.564789 
-0.986083 0.89499 
-0.647801 0.40475 
-0.788573 0.453816 
-0.719589 -0.129168 
-0.934898 -0.824898 
-0.825194 0.964298 
-0.35766 0.816004 
-0.909733 0.110595 
-0.684963 -0.179118 
-0.436188 0.991963 
-0.396457 0.749527 
-0.694675 0.603767 
-0.491147 -0.70198 
-0.180165 -0.0281284 
-0.754394 0.894355 
-0.570131 -0.197429 
-0.190769 -0.249802 
-0.426026 -0.211193 
-0.457586 -0.641491 
-0.760767 -0.21472 
-0.805037 -0.264813 
-0.707129 -0.716768 
-0.717744 0.884197 
-0.182373 0.853249 
0.0628451 0.238022 
-0.666409 -0.332708 
-0.554562 -0.527797 
-0.691462 0.599172 
-0.612038 -0.522859 
-0.86413 0.563998 
-0.891303 -0.134671 
-0.437735 0.995847 
-0.792055 -0.0657317 
-0.752151 0.598766 
-0.543519 -0.929958 
-0.0224611 0.496417 
-0.718124 0.492433 
0.0894854 -0.0184764 
-0.532277 0.0241564 
-0.00322061 -0.128868 
-0.839461 -0.824433 
-0.246789 0.225579 
-0.695505 0.649914 
-0.896685 -0.587871 
-0.342575 0.346807 
-0.326343 -0.841817 
-0.419444 0.406193 
-0.702257 -0.832973 
-0.443674 -0.823842 
-0.309538 -0.403287 
-0.876602 0.956439 
0.00713101 -0.149071 
-0.482674 -0.308204 
0.017242 -0.213158 
-0.554565 -0.580375 
-0.362323 0.442617 
-0.930136 -0.795185 
-0.669217 0.470873 
-0.0317782 -0.0963183 
-0.821518 0.744092 
-0.607718 0.0789877 
-0.454564 0.142457 
-0.699583 0.114132 
-0.257843 0.42715 
-0.889064 -0.501684 
-0.255705 0.37429 
-0.19026 0.303308 
-0.301951 -0.88999 
-0.937947 -0.0769723 
-0.3532 -0.239169 
-0.245845 0.0867962 
-0.186491 -0.359811 
-0.567943 0.575518 
-0.750771 -0.200557 
-0.767441 -0.378316 
-0.352736 -0.42864 
-0.15549 0.685794 
-0.106347 0.617913 
-0.735722 0.721103 
-0.420058 0.0881429 
-0.582118 0.341448 
-0.99181 0.648461 
-0.119671 0.695048 
-0.325907 0.475603 
-0.533664 0.714286 
-0.994519 -0.885966 
-0.431816 0.47185 
-0.626756 0.113549 
-0.153259 0.168437 
-0.833785 0.571385 
-0.727129 -0.856447 
-0.312587 0.358679 
-0.658184 -0.100744 
0.0277514 0.417743 
-0.990677 -0.301405 
-0.931245 0.564329 
-0.806086 0.120159 
-0.489961 -0.772381 
-0.870255 -0.384126 
-0.912934 0.310176 
-0.876685 -0.442932 
-0.354338 0.639101 
-0.622804 0.53895 
0.134336 -0.211719 
-0.361974 0.294973 
-0.392145 -0.780986 
-0.025468 -0.040938 
-0.575347 0.138517 
0.0489318 0.397284 
-0.839815 -0.772912 
-0.331893 -0.133187 
-0.480174 -0.285485 
-0.162273 0.675849 
-0.229589 -0.710071 
-0.160983 0.364221 
-0.545936 0.447225 
-0.284111 0.954026 
-0.995053 0.1473 
-0.327994 -0.590632 
-0.750346 0.933663 
-0.321179 -0.0601703 
-0.579648 -0.148694 
-0.828497 -0.552381 
-0.331764 0.0411971 
-0.291157 0.525344 
-0.551 -0.650594 
-0.535715 0.237689 
-0.654563 0.761877 
-0.615669 0.4553 
-0.844831 0.921188 
-0.378058 -0.0154401 
0.00240475 0.416615 
0.0524796 0.0250614 
-0.793376 -0.276013 
-0.947291 0.878226 
0.0207135 0.132127 
-0.516509 -0.969001 
-0.280984 -0.490339 
-0.267022 0.154104 
-0.543398 -0.885805 
-0.366486 0.476269 
-0.182816 -0.591334 
-0.552401 -0.209327 
-0.165601 0.742556 
0.0956912 0.281308 
-0.0495002 0.0499275 
-0.869015 0.472694 
-0.913066 0.0973794 
-0.267309 -0.66766 
-0.099518 -0.599084 
-0.80571 0.430216 
0.00889672 -0.472762 
-0.310207 0.353163 
-0.382793 0.403126 
-0.663726 0.756759 
-0.406922 0.866795 
-0.556679 -0.11051 
-0.715688 -0.560943 
-0.344511 -0.189163 
-0.818083 0.474522 
-0.710766 0.150585 
-0.847998 -0.31052 
-0.910211 0.0870008 
-0.800211 0.849087 
-0.193465 0.43084 
-0.878972 -0.878685 
-0.0223874 -0.264481 
-0.360668 0.246718 
-0.166272 -0.538451 
-0.790965 0.25763 
-0.865929 0.33784 
-0.413713 0.727762 
-0.509896 0.179185 
-0.429834 -0.218763 
-0.747925 -0.371189 
-0.567384 -0.016732 
-0.690491 0.919312 
-0.471778 0.828477 
-0.565463 0.267777 
-0.818541 0.778305 
0.106608 -0.233518 
-0.743058 -0.574767 
-0.106838 0.380393 
-0.730027 0.428912 
-0.570341 0.283366 
-0.71221 -0.10601 
-0.465174 -0.185656 
-0.312683 0.732093 
-0.371449 -0.946331 
-0.987652 0.539957 
-0.935584 -0.35303 
-0.976503 -0.0795288 
-0.641227 0.903239 
-0.459293 0.669653 
-0.205522 -0.203487 
-0.00547777 -0.0648608 
-0.116261 -0.00361018 
-0.676221 0.756848 
-0.171275 -0.624884 
-0.420095 -0.5408 
-0.989942 0.0490125 
-0.246828 -0.44417 
-0.340375 -0.676979 
0.00609607 0.45673 
-0.761311 0.646522 
-0.962374 -0.626687 
-0.732109 -0.549621 
0.139351 0.0793892 
-0.49651 -0.843972 
-0.645719 -0.604523 
-0.221053 0.766531 
-0.92136 0.709148 
-0.965004 -0.827156 
-0.721685 0.646989 
-0.799176 0.241659 
-0.44127 -0.418645 
-0.170691 -0.80639 
-0.285346 0.196569 
-0.260966 -0.0636668 
-0.0480418 0.561991 
-0.621155 0.252124 
-0.557849 0.234174 
-0.244834 -0.917351 
0.0866428 0.20503 
-0.0630373 0.532129 
-0.500654 -0.499082 
0.0127222 -0.177558 
-0.212294 -0.0259283 
-0.245081 0.930072 
-0.285293 -0.911663 
-0.319234 0.629165 
0.00344998 -0.0161598 
-0.778475 0.164673 
-0.341825 0.946338 
-0.901104 -0.861837 
-0.890367 -0.393995 
-0.331323 -0.537386 
-0.750891 -0.216912 
0.0755815 0.299051 
0.151119 -0.147806 
-0.169737 -0.772054 
-0.52844 0.50782 
-0.356814 -0.96486 
-0.40466 0.874853 
-0.342452 0.413939 
-0.9318 -0.769023 
-0.974604 -0.16588 
-0.281916 -0.167214 
-0.372401 -0.941896 
-0.44521 -0.639966 
0.0901908 -0.163922 
-0.526009 -0.634291 
-0.525464 0.52134 
-0.728302 -0.570039 
-0.637931 0.291972 
-0.822091 -0.883438 
-0.583069 0.359157 
-0.095412 0.410803 
-0.451994 -0.661917 
-0.842226 0.699706 
-0.0386887 -0.240374 
-0.853555 0.307872 
-0.241191 0.295407 
-0.506586 -0.184142 
-0.867685 0.810451 
-0.749998 0.790903 
-0.664552 0.866925 
-0.811253 -0.722268 
-0.904365 0.344469 
-0.517354 0.826045 
-0.665756 0.636074 
-0.652656 0.81424 
-0.188585 0.447949 
-0.559698 -0.840864 
-0.398772 -0.163024 
0.0534333 0.0539196 
-0.875404 -0.919055 
-0.549369 0.750464 
-0.954891 -0.856667 
-0.268126 -0.391402 
-0.291744 0.661473 
-0.623832 -0.751159 
-0.725683 -0.556776 
-0.10435 0.187731 
-0.807208 -0.747089 
-0.318896 0.320454 
-0.127099 -0.151241 
0.0884062 -0.157684 
-0.190007 0.546484 
-0.468488 0.130165 
-0.309206 -0.821426 
-0.815543 -0.83326 
-0.599468 0.734733 
-0.00331366 0.307361 
-0.188871 -0.362873 
-0.805021 0.0193941 
-0.0438903 0.334902 
-0.485533 -0.356163 
-0.354523 -0.461753 
-0.683693 -0.823336 
-0.666157 -0.0927565 
-0.958997 0.134948 
-0.56021 0.555123 
-0.0446208 0.0587569 
-0.472898 -0.00173636 
-0.94827 0.425632 
-0.400837 -0.86045 
-0.532071 -0.52058 
-0.439755 -0.967011 
-0.548289 0.903179 
-0.262938 0.795792 
-0.809818 -0.604043 
-0.700306 -0.0494387 
-0.91624 0.746648 
-0.931283 -0.0652554 
-0.748107 0.557775 
-0.925282 0.786497 
-0.185826 0.821566 
-0.656186 -0.51039 
-0.124248 -0.235391 
-0.218978 -0.35729 
-0.968325 -0.629874 
-0.284572 -0.80956 
-0.280522 -0.726597 
-0.220066 -0.653478 
-0.74587 0.157312 
-0.049049 -0.366587 
-0.906127 0.730974 
-0.515508 -0.14813 
-0.160603 0.746343 
-0.215066 -0.614317 
-0.818818 0.130365 
-0.950191 0.144943 
-0.662553 0.474466 
-0.324485 0.380622 
-0.882803 0.722505 
-0.85857 0.0193304 
-0.407422 0.455749 
-0.222312 -0.402217 
0.0548332 -0.417745 
-0.745217 -0.864765 
-0.0229417 0.418962 
-0.501586 -0.159709 
-0.229611 0.930699 
-0.586992 0.431028 
-0.174615 -0.751002 
-0.0924386 0.384347 
-0.281726 -0.973038 
-0.0970932 0.155294 
0.0230924 0.114167 
-0.31679 -0.290035 
-0.610539 0.66282 
0.0275066 0.303421 
-0.405903 -0.0192831 
-0.503936 0.351766 
-0.926188 -0.441207 
0.118403 -0.00359067 
-0.348359 -0.862131 
-0.423729 0.391184 
-0.518303 0.878362 
-0.456831 0.0482463 
-0.584381 0.302367 
-0.122189 0.361982 
-0.168107 0.619691 
-0.856742 0.744106 
-0.051298 -0.166213 
-0.390015 -0.984519 
-0.807001 0.738667 
-0.555432 0.855754 
-0.118429 -0.429802 
-0.375186 0.24236 
-0.660173 0.466149 
-0.218744 -0.42504 
0.162071 -0.0733225 
-0.330923 0.172803 
-0.273616 -0.670416 
-0.343613 0.895772 
-0.758575 0.629165 
-0.162567 -0.270573 
-0.814533 0.151589 
-0.239338 -0.550196 
-0.549406 0.131445 
-0.804707 -0.704021 
-0.477897 -0.0232419 
-0.626009 0.661723 
-0.41766 0.39155 
-0.183731 0.0263128 
-0.98469 0.31025 
0.0801929 -0.198136 
-0.816328 -0.0287533 
-0.467453 -0.482006 
-0.912365 -0.126878 
-0.431806 0.632994 
-0.328739 0.881433 
-0.77848 0.0893833 
-0.552115 0.607599 
-0.0769815 0.172629 
-0.62516 0.934955 
-0.46675 -0.673987 
-0.160449 -0.663692 
-0.677911 0.343747 
-0.647961 -0.273292 
-0.608015 -0.905016 
-0.611885 0.049966 
-0.221445 0.172361 
-0.686308 -0.781625 
-0.779119 -0.644905 
-0.914826 0.52106 
-0.538414 0.881798 
-0.227935 -0.909367 
-0.88572 -0.296315 
-0.171669 0.760879 
-0.53864 -0.92667 
-0.54405 0.143363 
-0.497191 -0.288081 
0.00843215 -0.280912 
-0.606767 0.0648164 
-0.630014 -0.65064 
0.16552 -0.102028 
-0.783496 -0.219162 
-0.0370017 0.112058 
-0.647764 -0.975573 
-0.462166 0.384257 
-0.938428 -0.164539 
-0.441362 0.0255352 
-0.830672 0.9004 
-0.980383 0.695447 
-0.440591 0.989039 
-0.405667 -0.0457102 
-0.251191 0.240985 
-0.387832 -0.300432 
0.160295 0.0829784 
-0.316914 -0.367623 
-0.63178 -0.32601 
-0.878096 -0.160399 
0.166357 -0.0431765 
-0.0163964 0.426127 
-0.4867 0.0401437 
-0.56582 0.256797 
-0.020249 -0.324885 
-0.347817 0.239201 
-0.426677 0.842299 
-0.102727 -0.534852 
-0.9238 -0.306114 
-0.857888 -0.515367 
-0.476541 0.774205 
-0.57197 0.892185 
-0.772153 0.417575 
-0.874576 -0.999575 
0.142204 0.0177793 
-0.930046 0.721049 
-0.982514 0.885769 
-0.874168 -0.138166 
-0.15278 0.226169 
-0.778603 0.0227992 
-0.814457 -0.584609 
-0.326726 0.717707 
-0.59587 -0.788548 
0.0783987 -0.35345 
-0.43044 -0.405909 
-0.120635 0.494808 
-0.126139 -0.0253987 
-0.876014 0.828433 
-0.525686 0.80081 
-0.79311 0.193392 
-0.331764 0.0341378 
-0.246655 0.47397 
0.00642407 -0.0307046 
-0.87169 -0.487669 
-0.247235 0.719512 
-0.31331 0.206675 
-0.405243 -0.921445 
-0.718022 0.209726 
-0.791587 -0.194314 
-0.421437 0.915672 
-0.296008 0.991387 
-0.802919 -0.658261 
-0.90506 0.649071 
-0.159597 -0.347291 
-0.915875 0.890583 
-0.784007 -0.806333 
-0.0347354 0.202919 
-0.856595 -0.79893 
-0.180783 -0.416303 
-0.80673 -0.717954 
-0.649737 -0.134663 
-0.329091 0.963226 
-0.504439 -0.102341 
-0.0445381 -0.551108 
-0.467893 0.126803 
-0.829335 -0.632176 
-0.979676 0.584453 
-0.977393 0.960726 
-0.320223 0.00504922 
-0.707576 -0.238175 
-0.730869 0.287586 
-0.539727 0.800902 
-0.885096 0.190785 
-0.481413 0.893211 
-0.55957 -0.686859 
-0.0425682 0.556172 
-0.422658 0.384069 
-0.950969 -0.943596 
-0.631777 -0.273761 
-0.929815 0.593678 
-0.0621154 0.0266814 
-0.392696 -0.0492225 
-0.208209 0.633432 
-0.327043 -0.606838 
-0.753778 -0.750638 
0.129578 -0.18012 
-0.702878 0.726792 
-0.811033 0.960227 
-0.375315 0.0881046 
-0.0485356 0.262079 
-0.0187844 0.290862 
-0.679731 -0.234426 
-0.58122 -0.558386 
-0.794389 0.710462 
-0.342187 0.867941 
-0.513493 -0.268951 
-0.267226 0.734465 
0.160645 -0.0444271 
-0.686867 -0.166757 
-0.685451 -0.367911 
-0.470382 0.292855 
0.00342766 -0.39134 
-0.304282 -0.0753998 
-0.20915 0.815573 
-0.672411 0.789243 
-0.875311 0.642118 
0.0824584 -0.122286 
-0.901711 0.940498 
-0.419364 -0.243664 
-0.0506986 -0.0913121 
-0.682179 0.619972 
-0.133637 -0.0422781 
-0.568673 0.307105 
-0.482261 0.637308 
-0.77267 -0.269976 
-0.437151 0.800175 
0.0276135 0.100089 
-0.246343 -0.289532 
-0.164134 -0.599309 
-0.587318 0.949439 
-0.783464 0.312327 
-0.727014 -0.924086 
-0.759243 -0.596822 
-0.793864 -0.475778 
-0.403307 -0.373891 
-0.998299 -0.409866 
-0.619948 0.533455 
-0.218277 -0.577837 
-0.888315 0.0939342 
-0.649337 0.599802 
-0.830548 0.973965 
-0.569566 -0.696859 
-0.102062 0.651706 
-0.775181 -0.471888 
-0.663271 0.400648 
-0.303767 0.585699 
-0.161474 0.1033 
-0.9603 0.232541 
-0.362124 -0.211735 
-0.630309 0.390369 
-0.48297 0.7244 
0.206703 0.0540395 
-0.365932 -0.223969 
-0.250271 -0.297709 
-0.763935 0.537872 
-0.158182 -0.565553 
-0.497768 0.0170511 
-0.369877 -0.51698 
-0.875528 -0.999992 
-0.868783 0.362556 
-0.521168 0.728112 
-0.624498 0.069718 
-0.249965 0.845843 
0.0835403 0.0610933 
-0.662227 -0.0465585 
-0.509427 0.06779 
-0.653199 -0.323046 
-0.217606 0.698271 
-0.165914 -0.512115 
-0.354783 -0.838494 
-0.560956 0.0123334 
-0.713108 0.790037 
0.148877 0.175035 
-0.875721 -0.236071 
-0.744697 -0.126373 
-0.473845 0.0880845 
-0.848938 -0.0937085 
-0.95835 -0.9869 
-0.821192 0.227716 
-0.784585 -0.523005 
-0.144849 -0.472746 
-0.530094 0.708071 
-0.96212 -0.35842 
0.031411 -0.0750556 
-0.389675 0.726837 
-0.053801 -0.232619 
-0.561546 0.1026 
-0.413963 0.517676 
-0.8472 -0.895387 
-0.776781 0.636143 
-0.337717 -0.00810214 
-0.172681 -0.256527 
-0.70869 -0.959148 
-0.392108 -0.164706 
-0.213878 -0.655447 
-0.482391 0.45062 
-0.430678 -0.396998 
-0.341849 0.538333 
-0.229076 -0.0784934 
-0.65384 0.909091 
-0.906742 0.382385 
0.0324942 0.129205 
-0.459967 -0.673323 
-0.543945 -0.0797694 
-0.683922 -0.678151 
-0.344373 0.124624 
-0.240243 0.243669 
-0.653973 0.681925 
-0.87819 0.264638 
-0.235054 -0.547004 
-0.954365 -0.0156717 
0.1842 -0.143797 
-0.798582 0.235823 
-0.52734 0.999323 
-0.373327 -0.502956 
-0.518551 0.720259 
-0.61274 -0.324539 
-0.520021 0.0116126 
-0.826763 0.601549 
-0.924171 -0.540615 
-0.931038 0.0404735 
-0.692793 0.235541 
-0.474882 0.651669 
-0.362153 -0.707489 
-0.759962 -0.673161 
-0.233669 0.73023 
-0.980098 -0.501557 
-0.301702 -0.697779 
0.0653305 0.0104069 
-0.714782 0.654365 
-0.0386966 -0.374424 
-0.94135 0.727859 
-0.881542 -0.0686135 
-0.464534 0.57626 
-0.804812 -0.479041 
-0.47593 -0.947722 
-0.361119 0.672592 
-0.715851 0.700126 
-0.988539 -0.370059 
-0.703168 -0.143871 
-0.0381065 -0.455988 
-0.982854 -0.820969 
-0.810579 0.594083 
-0.123914 -0.621787 
-0.372752 -0.83905 
0.0945 0.260971 
-0.342783 0.847825 
-0.606728 0.725832 
-0.948428 -0.225128 
-0.541603 -0.713742 
-0.130217 -0.55481 
-0.687309 0.394122 
0.0161636 -0.338764 
-0.473753 -0.365143 
-0.961059 -0.52682 
-0.272084 -0.908966 
-0.999219 0.131286 
0.116245 -0.277122 
-0.127556 0.171419 
-0.957175 0.756667 
-0.706119 0.262806 
-0.243417 0.886489 
-0.783022 -0.252357 
-0.457797 -0.190766 
-0.196818 0.0848002 
-0.763162 -0.463092 
-0.279451 -0.734729 
-0.583483 -0.590408 
-0.992812 -0.195796 
-0.735756 0.152533 
-0.377291 0.872696 
-0.596902 -0.132815 
-0.223649 -0.873038 
-0.889956 0.51467 
0.0566426 -0.00765137 
-0.596568 -0.520698 
-0.989915 0.500453 
-0.884133 0.382024 
-0.336589 0.950573 
-0.789943 -0.571535 
-0.795822 0.612085 
-0.685332 -0.368054 
-0.267418 -0.490453 
-0.569851 0.521621 
-0.141823 0.374267 
-0.551506 0.839168 
-0.0957861 0.122441 
-0.134694 0.199768 
-0.494592 -0.612902 
-0.976857 -0.033721 
-0.748917 0.952587 
0.133623 -0.191527 
-0.99121 0.7395 
-0.414062 0.859112 
-0.909562 0.994706 
-0.607548 0.941075 
-0.291189 -0.0167891 
-0.173584 0.568737 
-0.45708 -0.14218 
-0.587762 -0.514225 
-0.584354 0.763183 
-0.84834 -0.0453704 
-0.539851 0.731109 
-0.247614 0.345967 
-0.303944 -0.382921 
-0.419768 0.954298 
-0.989008 -0.251479 
-0.60072 -0.302375 
-0.228939 0.225026 
-0.355326 0.0438176 
-0.282199 -0.910479 
-0.427359 -0.614676 
-0.861464 -0.617407 
-0.752194 -0.118114 
-0.24601 -0.696339 
-0.817549 -0.544923 
-0.518855 -0.387934 
-0.0116834 -0.362282 
-0.874626 0.163426 
0.0191307 -0.470281 
-0.018089 -0.021348 
-0.796056 0.687631 
-0.993818 0.899184 
-0.331447 -0.622252 
-0.408953 0.719344 
0.0213264 0.432959 
-0.627422 0.913592 
-0.519268 0.669106 
-0.340452 0.021871 
-0.414258 -0.439296 
-0.518708 0.0816609 
-0.742798 -0.200343 
0.00131735 0.140666 
-0.25668 -0.0159271 
0.0865019 -0.162259 
-0.973835 0.748412 
-0.95426 -0.246302 
-0.943655 -0.0114327 
-0.872798 0.879718 
-0.573281 0.859906 
-0.958242 0.830712 
-0.222198 -0.481047 
-0.960647 0.405746 
-0.625498 -0.736987 
-0.546961 -0.780883 
-0.307658 -0.811818 
-0.233012 -0.238017 
-0.355787 0.286477 
-0.393663 -0.297376 
0.00847094 0.371056 
-0.261504 0.901979 
-0.430709 -0.930474 
-0.48364 -0.542849 
-0.373021 0.635165 
-0.788401 -0.651116 
-0.747298 0.169428 
-0.42201 -0.723957 
-0.706671 0.984786 
-0.694246 -0.187286 
-0.957149 -0.798076 
-0.81155 0.278764 
-0.807757 0.0227732 
-0.493418 -0.884441 
-0.797952 0.820111 
-0.401108 0.569796 
-0.144152 -0.76204 
-0.641698 0.974782 
-0.834163 0.225937 
-0.671924 0.971634 
-0.972766 0.722483 
-0.278878 0.900205 
-0.254028 0.543271 
-0.397743 -0.874684 
-0.814087 -0.367826 
-0.510294 -0.515319 
-0.95998 -0.388051 
0.0195308 0.254808 
-0.430435 -0.320727 
-0.463348 0.503135 
-0.974355 0.00820417 
-0.112436 0.290514 
-0.459596 -0.430088 
-0.482663 -0.113359 
-0.55488 0.138595 
-0.641779 -0.383061 
-0.114254 -0.275042 
-0.635212 -0.0129882 
-0.292238 0.35073 
-0.714271 -0.758512 
-0.307591 0.313363 
-0.0973437 -0.0551833 
-0.53855 0.596936 
-0.324109 0.70663 
-0.708837 0.580727 
-0.691929 0.742311 
-0.734241 -0.381964 
-0.796592 -0.316748 
-0.642928 0.315296 
-0.816582 -0.30001 
-0.267366 0.377554 
-0.444255 -0.587206 
-0.244413 0.145916 
-0.71083 -0.921126 
-0.562464 0.675058 
-0.30535 -0.0145651 
-0.795815 0.734223 
-0.194337 -0.219216 
-0.359992 -0.391617 
-0.219928 -0.328859 
-0.61251 -0.462601 
-0.935386 0.96906 
0.0795955 -0.239196 
-0.159569 0.119662 
-0.845283 -0.673474 
-0.245656 -0.73983 
-0.325584 -0.0899223 
-0.573673 0.286116 
0.133409 0.205385 
-0.0950394 0.672478 
-0.406345 0.552788 
-0.478088 0.776963 
-0.606796 -0.427932 
-0.249156 0.438274 
0.0740223 0.0932049 
-0.491787 0.533866 
-0.386338 0.819036 
-0.466231 0.048768 
-0.356408 -0.147498 
-0.994316 0.53649 
-0.83961 0.66709 
-0.212493 0.63013 
-0.81925 0.859919 
-0.739958 -0.468569 
-0.500215 0.879353 
-0.708857 0.232438 
-0.227218 -0.85092 
0.19837 -0.00179675 
-0.197991 0.365214 
-0.322351 0.242017 
-0.426846 0.00386259 
-0.971217 0.753535 
-0.710044 0.296766 
-0.253627 -0.701852 
-0.552199 -0.80074 
-0.0388822 0.506111 
-0.814821 -0.703624 
0.139943 0.0294438 
-0.49779 -0.353825 
-0.734972 -0.671148 
-0.407798 0.132747 
-0.916731 0.501928 
-0.624208 0.94229 
-0.927671 0.629756 
-0.718108 0.760235 
-0.72412 -0.290464 
-0.186839 -0.203166 
-0.610339 0.0355468 
-0.564985 0.299432 
0.122569 0.0128149 
-0.620392 -0.927814 
-0.924924 0.802674 
-0.880804 0.320106 
-0.804781 0.0445114 
-0.616704 -0.950608 
-0.86739 -0.230761 
-0.40743 0.323045 
-0.577048 -0.446061 
-0.939291 -0.656392 
-0.59791 0.921029 
-0.260955 0.124604 
-0.941052 -0.268994 
-0.982791 0.234496 
-0.833964 -0.425989 
-0.982909 0.244563 
-0.537427 -0.533093 
-0.438739 0.115887 
-0.282749 -0.158274 
-0.465701 0.96305 
-0.977927 -0.0169958 
-0.966508 -0.0943078 
-0.776592 -0.181686 
-0.863642 0.771135 
0.000609627 0.245993 
-0.430671 -0.279446 
-0.644271 -0.269727 
-0.472066 -0.0054802 
-0.105793 -0.0588933 
-0.575568 0.428692 
-0.967253 -0.615121 
-0.340749 -0.967721 
-0.48956 -0.0339869 
-0.129817 0.168589 
-0.519649 0.258261 
-0.331421 -0.197546 
-0.161433 0.798219 
-0.334944 0.602889 
-0.602927 0.605972 
-0.293548 0.335998 
-0.877649 -0.652704 
-0.85114 0.88877 
-0.439448 0.202338 
-0.0162023 -0.312829 
-0.901631 0.296025 
-0.704957 -0.219747 
-0.451879 -0.724766 
-0.792635 0.175162 
0.105897 -0.190097 
-0.968138 0.506356 
-0.948256 0.654522 
-0.454562 0.182105 
-0.651084 -0.769322 
0.012278 0.356227 
-0.894502 0.0975935 
-0.334476 0.469313 
-0.250788 -0.998848 
-0.769073 0.197445 
-0.802233 0.868134 
-0.1114 -0.293638 
-0.319531 -0.364512 
-0.355437 0.171421 
-0.921503 0.305905 
-0.65706 0.790108 
-0.661014 0.337251 
-0.550004 0.0778632 
-0.347063 0.904458 
-0.779664 0.182716 
-0.288614 -0.73224 
-0.756329 0.386091 
-0.976137 0.0654546 
-0.322737 -0.247155 
0.0684177 -0.104193 
-0.593661 0.331389 
-0.337543 0.922857 
-0.931329 -0.844464 
-0.913371 0.980687 
-0.52831 0.69133 
-0.819388 0.552658 
-0.0575831 0.200796 
-0.632642 -0.807454 
-0.880492 -0.42325 
-0.774474 -0.578343 
-0.207202 -0.443845 
-0.906289 0.00760125 
-0.2458 0.845484 
-0.211472 -0.204983 
-0.954481 0.0386616 
-0.214573 -0.32951 
-0.0731963 -0.210087 
-0.92814 0.756053 
-0.766029 -0.653429 
-0.175607 0.567483 
-0.310976 -0.579646 
-0.105414 0.29878 
-0.412625 -0.988979 
-0.909539 -0.625982 
-0.872717 0.239206 
-0.433821 0.762816 
-0.885171 0.929424 
-0.205875 -0.136908 
-0.64207 0.727868 
-0.718205 -0.874975 
-0.344264 -0.0446625 
-0.643394 0.482901 
-0.229156 0.572225 
-0.616796 -0.484373 
-0.853884 0.771827 
0.0916164 -0.203539 
-0.884629 0.0323215 
-0.773314 0.909771 
-0.268505 -0.7636 
0.167301 -0.169437 
-0.419355 -0.0951195 
-0.674237 0.104428 
-0.871195 -0.169146 
-0.836822 -0.473212 
0.0404807 0.359577 
-0.594013 0.431857 
-0.920842 -0.583672 
-0.512634 0.166223 
-0.287717 0.347671 
-0.693832 0.765739 
-0.232746 0.240638 
-0.701706 0.429457 
-0.112441 0.201904 
-0.599044 -0.126037 
-0.30211 0.429557 
-0.435673 -0.353137 
-0.64342 0.0443109 
-0.313284 0.633385 
-0.701958 0.191932 
-0.195529 -0.254956 
-0.00187431 0.498465 
-0.305703 0.0422936 
-0.891889 0.0204613 
-0.107496 -0.677609 
-0.5755 -0.420503 
-0.292884 -0.499529 
-0.414966 -0.338977 
-0.343541 0.111192 
-0.17312 0.372708 
0.0966401 0.230917 
-0.981834 0.315399 
-0.782889 -0.0196812 
-0.781943 -0.113525 
-0.656958 0.50917 
-0.385848 -0.953728 
-0.164727 -0.572185 
-0.718464 0.777947 
-0.97354 -0.279011 
-0.50716 0.166039 
-0.858858 -0.81962 
-0.581118 -0.852206 
-0.36373 0.782454 
-0.992579 -0.275113 
-0.768012 0.0261173 
-0.901635 0.217761 
-0.0828389 -0.272969 
-0.513741 -0.441189 
-0.224684 -0.258692 
-0.25905 0.140997 
-0.255914 0.857449 
-0.862504 -0.104787 
0.000378132 0.35527 
-0.975281 0.456598 
0.0425762 -0.421902 
-0.915048 0.780838 
-0.447367 -0.901679 
-0.52363 -0.65751 
-0.765141 0.2829 
-0.818756 -0.838871 
-0.897341 0.388297 
-0.861877 0.4386 
-0.44395 0.526137 
-0.0980214 0.554945 
-0.976653 -0.605803 
-0.943195 -0.272609 
-0.664412 -0.764956 
-0.616262 0.492441 
-0.041668 -0.313296 
-0.472661 -0.0175979 
-0.630563 0.122634 
-0.895172 0.847188 
-0.0811349 0.365344 
-0.491285 0.965777 
-0.518666 0.779851 
-0.564529 -0.0350935 
-0.0557991 0.184352 
-0.86413 0.559192 
-0.428992 -0.0702839 
-0.693493 0.463993 
-0.749147 -0.920792 
-0.0665462 -0.442287 
-0.417523 0.688354 
-0.829058 0.0294288 
-0.23132 0.209833 
-0.660519 0.664931 
-0.504432 0.0173712 
-0.955475 -0.665534 
-0.562131 0.270442 
-0.679095 0.454485 
-0.653659 -0.046827 
-0.3636 0.973806 
-0.423219 0.959978 
-0.734324 0.217085 
-0.404857 -0.437564 
-0.13283 -0.471416 
-0.822707 0.764842 
-0.603316 0.0626111 
-0.0747449 -0.237116 
-0.807977 0.329275 
0.12077 -0.214455 
-0.338043 0.506223 
-0.0194898 0.434366 
-0.461535 0.975542 
-0.258753 -0.861756 
-0.332169 -0.764958 
-0.647802 0.395155 
-0.626483 0.693931 
-0.557753 -0.161076 
-0.455707 0.930458 
-0.893079 0.0252305 
0.0483157 0.0425597 
-0.699645 -0.928074 
-0.17685 -0.316213 
-0.587951 0.313137 
-0.564869 0.25352 
-0.537642 -0.144524 
-0.333159 0.591031 
-0.537259 0.291867 
-0.598739 0.986351 
-0.398913 -0.528247 
-0.244597 -0.941712 
-0.969023 -0.36661 
-0.364359 0.213491 
-0.374793 0.860948 
-0.692169 0.711684 
-0.728036 -0.0999764 
-0.304082 -0.705835 
-0.964642 -0.744721 
-0.530824 0.44163 
-0.25721 -0.936188 
-0.511955 -0.420395 
-0.198845 0.0144704 
-0.796303 0.533535 
-0.884084 -0.804941 
-0.64477 -0.648059 
-0.149335 0.119435 
-0.662923 0.245772 
-0.169919 0.16674 
-0.852371 0.198808 
-0.630014 -0.650734 
-0.892125 0.0512085 
-0.880761 -0.947158 
-0.877031 -0.257282 
-0.14483 -0.155653 
-0.061512 0.168466 
-0.586452 -0.503908 
-0.569012 0.62261 
-0.28839 -0.966457 
-0.12676 -0.453989 
-0.189488 -0.72976 
-0.595137 -0.475446 
-0.824655 0.0245727 
-0.381604 0.387775 
-0.658627 0.458194 
0.188496 0.047306 
-0.928499 0.709807 
-0.266567 -0.184804 
-0.657087 0.343316 
-0.492033 0.394813 
-0.382481 -0.350812 
-0.0951069 -0.462142 
-0.750571 -0.844688 
-0.679263 -0.372212 
-0.645984 0.946781 
-0.663948 -0.975011 
-0.293272 0.979305 
-0.823322 0.428901 
-0.555483 -0.0108759 
-0.791577 -0.0330437 
-0.423015 0.392749 
-0.457687 -0.338812 
-0.410009 0.972191 
-0.382445 0.248297 
-0.877425 -0.874728 
-0.961679 -0.94497 
-0.114148 -0.48966 
-0.425398 0.341288 
-0.415479 -0.951302 
-0.531639 0.743621 
0.0436876 0.25673 
-0.398683 -0.659203 
-0.30567 0.609862 
-0.0517525 0.196252 
-0.639925 0.782026 
-0.486526 0.965468 
0.106498 -0.0823259 
-0.110202 -0.158566 
-0.132348 -0.374677 
-0.729481 -0.382711 
-0.231674 0.261887 
-0.473259 -0.0624298 
-0.858531 0.673584 
-0.340075 0.357599 
0.022498 0.123729 
-0.490619 0.162087 
-0.201479 -0.260224 
-0.801091 0.0664843 
-0.599012 0.406751 
-0.658098 -0.658485 
-0.854475 0.841213 
-0.442923 -0.201145 
-0.640233 -0.404227 
-0.304606 0.489343 
-0.984871 -0.729496 
-0.640982 -0.978682 
-0.713746 0.0723876 
-0.51463 0.605813 
-0.107809 0.05346 
-0.963144 0.439518 
-0.0603009 0.52299 
-0.239 -0.874905 
-0.522957 0.6636 
-0.882307 -0.927964 
-0.29544 0.534893 
-0.451711 0.0962023 
-0.528815 0.211521 
-0.960538 0.230902 
-0.584296 -0.264515 
-0.90785 -0.240398 
-0.364296 -0.72804 
-0.168379 0.0556496 
-0.696351 0.433205 
-0.728316 -0.798694 
-0.744345 -0.211046 
0.168854 -0.0784506 
-0.519253 0.91476 
-0.303917 0.0587519 
-0.556359 -0.720709 
-0.958223 -0.859426 
-0.37809 -0.555131 
-0.0846239 -0.27379 
-0.935091 -0.0775835 
-0.33337 -0.948413 
-0.0973418 -0.0240656 
-0.471154 -0.683938 
-0.945625 0.879472 
-0.711881 -0.585539 
-0.258646 0.932987 
-0.683916 -0.582075 
-0.927193 0.666546 
-0.601109 -0.832697 
-0.948694 -0.696004 
-0.0986649 -0.260252 
-0.0563728 0.541905 
-0.924566 0.815408 
-0.124212 0.377038 
-0.678201 -0.528012 
-0.290324 0.525748 
-0.32232 0.762282 
-0.320841 -0.376739 
0.14469 -0.200835 
-0.555466 0.286495 
-0.881779 -0.0532215 
-0.494424 0.212417 
-0.279233 0.938985 
-0.482653 0.0590407 
-0.855775 0.989473 
0.0785366 -0.0358114 
-0.937935 0.121583 
-0.559804 -0.622145 
-0.399354 0.0656443 
-0.716592 0.230685 
-0.884876 -0.105699 
-0.484963 -0.781023 
-0.652485 -0.322373 
-0.121174 -0.569442 
-0.616719 0.800498 
-0.0321289 0.00878212 
-0.398925 -0.740639 
-0.195016 0.35931 
-0.64387 0.479202 
-0.592728 0.0190962 
-0.330037 -0.93645 
-0.91363 0.622949 
-0.0972481 -0.44904 
-0.349183 -0.726372 
-0.759691 -0.126807 
-0.69592 -0.32036 
-0.292335 0.733708 
-0.571168 0.386426 
0.0970031 0.331118 
-0.905168 0.838941 
-0.517431 -0.469282 
-0.55328 -0.980629 
-0.217564 -0.598264 
-0.776849 -0.50923 
-0.629936 0.664205 
-0.702188 0.323812 
-0.828043 -0.926742 
-0.278453 0.045868 
-0.658454 -0.634388 
-0.211786 0.506552 
-0.386135 0.235215 
-0.747858 0.749485 
-0.18532 -0.676711 
-0.813232 0.0158979 
-0.80366 0.881471 
-0.877483 0.136895 
-0.156843 -0.0526261 
-0.486846 -0.417884 
-0.812754 0.0505425 
-0.531899 0.3725 
-0.749289 0.704437 
-0.53339 -0.67808 
-0.48943 0.14658 
-0.422348 -0.406934 
-0.107358 -0.367907 
-0.7109 -0.0945496 
-0.894043 -0.182382 
-0.340545 0.465504 
-0.281884 0.375122 
0.174332 -0.00148236 
-0.914033 -0.160197 
-0.424383 -0.604208 
-0.92138 0.368998 
-0.243803 0.397881 
-0.817038 0.0431712 
-0.420867 0.489059 
-0.37972 0.044813 
-0.828611 -0.461953 
-0.0360554 0.0174157 
-0.140066 -0.089485 
-0.472635 0.427128 
-0.821892 0.461599 
