0.511211 -0.0826997 
0.0655345 -0.562082 
0.358593 0.869386 
0.661931 -0.930856 
0.342299 -0.984604 
0.177953 0.860873 
0.692334 0.0538576 
0.820642 0.524396 
0.472164 -0.343532 
0.265277 0.512821 
0.982075 -0.269323 
0.445321 0.506712 
0.303037 -0.854628 
0.263269 0.769414 
0.53299 -0.0445365 
-0.0269652 0.795313 
0.818416 -0.878871 
0.809306 0.00904579 
0.973284 -0.0120466 
0.895528 -0.852502 
0.88196 -0.899832 
0.523029 0.540409 
0.655635 -0.749269 
0.736494 0.259087 
0.472449 0.450824 
0.998916 0.777144 
0.182227 0.691963 
0.604811 -0.933892 
0.910722 0.496585 
0.109168 0.781475 
0.249699 0.684079 
0.42942 -0.739145 
0.875795 -0.520178 
0.773981 0.304117 
-0.000517935 -0.704934 
0.174373 0.691151 
0.180217 0.910818 
0.112292 -0.703697 
0.96661 -0.182467 
-0.0719389 0.92219 
0.243268 0.606146 
0.894974 -0.179374 
0.566306 -0.0893854 
0.617889 0.863349 
0.303292 -0.569503 
0.359185 0.817844 
0.200787 0.635123 
0.511687 -0.07551 
0.902735 0.265477 
0.377962 0.404413 
0.974291 0.90883 
0.702539 -0.421368 
0.153433 0.753131 
0.738527 0.431285 
0.601441 0.413071 
0.483432 -0.961815 
0.772062 0.0499748 
-0.0733545 -0.869612 
0.426845 -0.0221137 
0.335358 0.364098 
0.731765 0.780037 
0.0878966 -0.72161 
-0.0993051 0.978725 
0.763008 -0.120549 
0.998233 -0.692791 
0.260977 0.232701 
0.546704 0.45467 
0.364988 0.361124 
0.417841 0.657416 
0.52801 0.259144 
0.904319 0.89509 
0.384338 -0.43193 
0.553732 0.56773 
0.20202 -0.646239 
0.656709 -0.684538 
0.975874 -0.485663 
0.392015 0.58954 
0.392486 0.505881 
0.339041 0.26686 
0.399669 -0.765126 
0.525141 0.0522466 
-0.0293496 0.720451 
0.626531 0.113672 
0.477993 -0.367985 
0.343568 0.352474 
0.441536 0.889506 
-0.0786053 0.880326 
0.973005 -0.699212 
0.340197 -0.312365 
0.658477 -0.970099 
0.0922732 0.835695 
0.388047 -0.0884968 
0.634203 -0.955833 
0.415653 -0.126723 
0.164842 0.50342 
0.983066 0.391358 
-0.00861785 -0.840166 
0.565984 0.493358 
-0.127149 -0.987317 
0.318107 0.41864 
0.0773226 -0.439422 
0.631864 -0.256181 
0.372203 -0.379662 
0.0419201 0.551761 
0.447527 -0.405956 
-0.107021 -0.699377 
0.391275 0.155552 
0.362329 -0.33765 
0.0847863 -0.996685 
0.712385 -0.941289 
0.152346 0.477917 
0.358664 0.0725335 
0.946711 -0.623448 
0.215223 -0.748134 
0.105724 0.908057 
0.948505 -0.481972 
0.626096 0.795828 
0.389713 -0.0962975 
0.198719 -0.136183 
-0.0115107 0.538875 
0.868061 -0.499689 
0.343807 0.363332 
0.51354 -0.927265 
0.125204 0.305244 
0.233221 -0.257069 
0.306023 -0.668145 
0.488208 -0.680485 
0.82805 -0.964111 
0.187091 0.443743 
-0.006836 -0.892611 
0.543888 -0.869287 
-0.114419 0.95436 
0.929702 -0.490085 
0.0526757 -0.679834 
0.0354144 -0.78963 
0.683152 -0.262876 
0.427093 0.153552 
0.743768 0.516492 
0.673196 0.399582 
0.211205 -0.275833 
0.604037 0.0548782 
0.337641 0.727286 
-0.0173138 -0.993542 
0.926951 -0.731922 
0.591711 0.892089 
0.651673 0.668677 
0.452886 -0.341131 
0.604169 0.263527 
0.8583 -0.558969 
0.399382 0.412923 
0.423143 -0.243268 
0.722375 0.954477 
-0.110962 -0.931514 
0.0475435 -0.936722 
0.506348 0.183176 
0.645782 -0.340842 
0.974649 0.933819 
0.701061 0.735028 
0.995197 0.279047 
-0.0638505 0.863829 
0.381545 0.630814 
0.642667 -0.689172 
0.0375465 -0.95519 
0.122967 0.713752 
0.47435 0.396921 
0.341982 -0.308257 
0.842235 -0.556687 
0.382253 0.524688 
0.427391 -0.845351 
0.179619 0.851006 
0.859396 -0.139108 
0.0119392 0.662512 
0.838472 0.203275 
0.447673 0.0386733 
-0.018366 -0.677161 
0.952231 0.148721 
0.397116 0.334099 
0.221475 0.335931 
0.462728 -0.936687 
0.194337 0.222221 
0.870503 0.544061 
0.300255 0.393991 
0.0683973 -0.446706 
0.211076 -0.439793 
0.406739 0.0609791 
0.876508 -0.529195 
0.566005 0.840505 
0.362982 0.642355 
0.054826 -0.539461 
0.0136399 -0.7541 
-0.127018 -0.784522 
0.53235 -0.800269 
-0.0294279 -0.595036 
0.729219 -0.0163185 
0.767409 -0.151733 
0.628833 0.795314 
0.838984 0.802436 
0.540093 -0.658408 
0.144884 -0.937192 
0.606536 0.0444293 
0.723244 -0.445604 
0.738988 0.173724 
0.0513405 0.879743 
0.49829 0.761568 
0.486252 0.437839 
0.758324 -0.854262 
0.420227 0.75812 
0.125223 0.626094 
0.756384 0.53872 
0.270411 0.793048 
0.756826 -0.0270586 
0.417176 -0.523961 
-0.218067 0.951762 
0.257533 0.362398 
0.817381 -0.2752 
0.718426 0.588556 
-0.142253 -0.852978 
0.481518 0.865687 
0.944952 -0.183645 
0.666948 -0.60384 
0.340393 0.990801 
0.396133 -0.19452 
0.698556 0.639054 
0.586764 -0.251501 
0.278116 0.29299 
0.289796 0.59807 
0.387177 -0.710205 
0.70873 -0.370602 
0.511711 0.331946 
0.121829 -0.422691 
0.684088 -0.536209 
0.663048 -0.154895 
0.679097 -0.413913 
0.86822 0.178838 
0.255661 0.888904 
-0.188427 -0.899037 
0.496622 0.728343 
0.330616 0.666756 
0.16257 0.317187 
0.964065 -0.962168 
0.842946 -0.610642 
0.935446 0.0461449 
0.180917 0.674164 
0.669383 0.319775 
0.460896 0.286053 
0.328295 -0.353142 
0.738376 -0.115259 
0.835935 -0.446665 
0.903507 -0.765524 
0.925071 -0.334143 
0.636215 0.85978 
0.325786 -0.513543 
0.882858 0.193446 
0.773451 -0.607644 
0.20481 0.246485 
0.677357 0.343296 
0.334696 -0.768787 
0.257506 -0.0909057 
0.148692 -0.935461 
0.15286 -0.88008 
0.488937 -0.441014 
0.984839 0.188318 
0.791448 -0.130994 
0.377188 -0.593683 
0.89424 -0.5114 
0.906524 -0.0460966 
0.714312 -0.56518 
0.282748 0.1468 
0.649254 0.00370749 
0.311775 0.010118 
0.0529087 -0.763205 
0.806113 0.337809 
0.456613 0.296151 
0.559317 0.438409 
0.332728 0.161939 
0.158725 -0.316304 
0.668566 0.583965 
0.698136 -0.435561 
0.0670641 -0.853633 
0.997471 0.500342 
-0.0359026 0.58556 
0.528127 0.233126 
0.151705 -0.287332 
0.815696 -0.604199 
0.396325 -0.963498 
0.495938 -0.770941 
0.789927 0.309258 
0.57094 -0.213098 
0.459967 0.663102 
0.755593 -0.740781 
0.552787 0.688403 
-0.013409 0.634634 
0.285469 -0.129249 
0.252305 0.48916 
0.709206 -0.370785 
0.216889 -0.748156 
0.926487 -0.530648 
0.618248 0.888385 
0.659444 -0.717641 
0.602336 -0.545023 
0.310413 -0.892546 
0.972727 0.62461 
-0.172841 -0.936323 
0.734238 0.342159 
0.668738 -0.523566 
0.433878 0.179416 
-0.180468 0.866011 
0.587744 0.218936 
0.307746 0.28878 
0.974083 -0.584501 
0.28465 0.120649 
-0.101786 -0.724569 
-0.0327975 0.773199 
0.683336 0.826004 
0.655854 0.940598 
0.62656 0.595745 
0.679592 -0.102559 
0.28419 0.387852 
0.631519 -0.0635814 
0.861304 -0.0655824 
0.971695 -0.726012 
0.479863 -0.93749 
0.626379 -0.450263 
0.435522 -0.182747 
0.570146 0.444586 
0.154118 0.265877 
0.597192 -0.999449 
0.25559 -0.307137 
0.715849 -0.723996 
0.692873 -0.88773 
1 0.998184 
0.483233 -0.300435 
0.593169 -0.601999 
0.495402 0.21604 
0.97927 0.596901 
0.109555 -0.706657 
0.752524 -0.335855 
0.323782 -0.194433 
0.84966 0.227852 
0.241428 -0.313021 
0.221446 -0.152309 
0.136875 0.460745 
0.37033 0.127967 
0.743742 0.0637204 
0.949076 -0.879517 
-0.0493116 -0.779736 
0.984358 0.09903 
0.397409 -0.745526 
-0.0500316 -0.881306 
-0.109785 0.835954 
0.994353 0.0986047 
0.312545 0.946386 
-0.0847671 -0.681307 
0.945927 0.195913 
0.704416 -0.874228 
0.851246 0.898788 
0.732278 -0.602739 
0.628449 0.345478 
0.443171 0.36673 
0.376084 0.841871 
0.348904 0.0349644 
0.740875 -0.109758 
0.883963 0.764701 
0.321854 -0.592173 
0.927678 -0.509011 
0.772343 0.772703 
0.826447 0.0948025 
0.628838 0.873217 
0.65633 0.934076 
-0.090868 0.780906 
0.687065 -0.499288 
0.467822 0.679113 
0.0511205 -0.816933 
0.241345 0.290692 
0.0663607 -0.675144 
0.851539 -0.181885 
0.130123 0.970862 
0.204622 -0.924634 
0.945392 -0.79826 
0.970978 -0.767116 
0.570562 -0.559219 
0.764604 0.703299 
0.340936 0.115221 
0.515666 0.803993 
0.70676 0.519395 
0.983669 0.532627 
-0.0723981 -0.795064 
0.00671518 0.86195 
0.796072 -0.417668 
0.258282 0.9508 
0.0880979 0.661338 
0.950588 0.530418 
0.739755 -0.935322 
0.939334 -0.613705 
0.793009 0.098957 
0.54218 0.416797 
0.374635 0.49687 
0.889295 0.379415 
0.823546 -0.657546 
0.630664 -0.434345 
-0.0362455 0.821706 
0.406366 -0.201384 
0.613403 -0.528332 
0.317824 -0.328789 
0.21374 0.334209 
0.9394 0.492568 
0.586572 0.517398 
0.376802 0.908583 
0.556364 0.804608 
0.842936 -0.780146 
0.0900307 -0.853923 
0.882156 0.398059 
0.179272 -0.977714 
0.491589 0.13138 
0.108618 -0.462829 
0.0593292 -0.85429 
0.987611 0.784298 
0.603258 0.964336 
0.103843 -0.713511 
0.459283 -0.834805 
0.713006 -0.509146 
0.786731 0.582313 
0.928393 -0.498508 
0.437796 0.0305809 
0.716953 -0.175579 
0.91903 0.137264 
0.995764 -0.198954 
0.175321 0.61271 
-0.183549 -0.913186 
0.0908705 -0.739802 
0.149398 0.93844 
0.362671 -0.585582 
0.127724 0.661366 
0.955969 0.969844 
0.16741 -0.334263 
0.0431466 -0.835211 
0.615479 0.363312 
0.189529 -0.591694 
0.58611 0.743653 
0.578401 -0.818509 
0.522879 0.0341396 
0.56042 0.973458 
0.908707 0.645597 
0.554077 0.372862 
0.683897 0.255997 
0.536788 -0.206689 
0.603198 -0.0444826 
0.381545 0.627245 
0.101838 -0.410414 
0.797278 -0.141517 
0.358085 0.335247 
0.490528 0.30493 
0.963977 -0.440616 
0.565539 -0.989637 
0.853539 -0.570681 
0.562712 -0.492677 
0.819947 0.846123 
0.783572 -0.498691 
0.504812 0.367819 
0.795542 0.670133 
0.917412 0.946203 
0.836871 -0.702593 
0.542901 0.541236 
0.551431 -0.0910432 
0.294192 0.484004 
0.658984 -0.455729 
0.560443 -0.639184 
0.983706 -0.84549 
0.267085 0.889621 
-0.139294 0.891926 
0.597118 -0.245642 
0.648464 0.738027 
0.0239484 0.500208 
0.996599 -0.165085 
0.798413 0.931673 
0.634131 -0.166321 
0.634881 0.449927 
0.185411 0.20672 
0.335037 0.97486 
0.478194 -0.991596 
0.250923 -0.739645 
0.792191 0.355665 
0.407699 0.197559 
0.381933 -0.852576 
0.759291 -0.594072 
0.571245 0.91643 
0.430921 0.480954 
0.521654 -0.562751 
0.353702 0.67169 
0.267384 -0.0845351 
0.0763494 -0.795485 
0.280709 -0.128455 
0.537702 -0.842118 
0.525442 -0.903471 
0.676961 -0.323095 
0.573425 -0.442873 
0.630595 0.406664 
0.795784 0.740752 
0.94398 -0.529346 
0.60312 0.644601 
0.204741 -0.92268 
0.510262 -0.0245756 
0.957203 -0.289495 
0.459769 -0.669914 
0.757757 -0.379345 
0.355168 -0.699258 
0.889193 0.658662 
0.136218 -0.577315 
0.283293 -0.689883 
0.148613 -0.262782 
0.513901 -0.869545 
0.244565 0.39565 
0.392835 0.377974 
0.615334 -0.0823185 
0.472263 -0.676405 
0.866194 0.126979 
0.975573 0.456906 
0.175586 -0.934086 
0.817904 0.515143 
-0.0735809 -0.674934 
0.386569 -0.930661 
0.385515 -0.656542 
0.486859 0.640184 
0.311101 0.670069 
-0.137138 -0.881908 
0.0360218 -0.582229 
0.475658 0.377701 
0.00459615 -0.752554 
0.264063 0.0993646 
0.951295 0.410596 
0.892947 -0.235601 
0.26033 -0.631286 
0.373678 0.40047 
0.698874 -0.0194799 
0.601021 -0.641524 
0.7436 -0.322133 
-0.153799 -0.896252 
0.690027 -0.722625 
0.848022 0.712122 
0.640272 -0.955498 
0.949816 -0.448833 
0.471899 -0.801651 
0.658093 0.56435 
0.210688 -0.965544 
0.154081 -0.358761 
0.303244 0.628576 
0.47126 0.47411 
0.373134 -0.740495 
0.508457 -0.367644 
0.138797 0.767622 
0.187339 0.607591 
0.595652 -0.873864 
0.961872 0.183788 
0.923167 -0.337435 
0.727524 -0.498605 
-0.0545417 -0.682291 
0.741502 0.429528 
0.580316 -0.628245 
0.365287 -0.614488 
0.302831 -0.311207 
0.481318 -0.485627 
0.0670583 -0.951415 
0.869693 0.935335 
0.17414 0.77097 
0.0201485 0.635892 
0.289331 0.78729 
0.73336 -0.421441 
0.837487 -0.358512 
0.494218 0.3249 
0.587664 0.867855 
0.0321646 0.590029 
0.618172 -0.384949 
0.155985 -0.354186 
0.380638 -0.609992 
0.967824 0.224729 
0.254738 -0.617387 
-0.112878 0.857577 
0.744892 -0.608168 
0.512203 0.60265 
0.737588 0.648519 
0.206293 -0.831522 
0.611484 -0.781708 
0.79701 -0.648426 
0.908724 0.91783 
-0.0355002 -0.651611 
0.370086 0.0315829 
0.813125 0.193241 
0.960891 -0.308219 
0.65813 -0.8009 
0.570988 0.588479 
0.560228 -0.239799 
0.407713 0.426559 
0.862151 0.175295 
0.17927 0.990668 
0.152861 -0.870736 
0.62087 0.965761 
0.157572 0.311303 
0.839219 0.758681 
0.703871 -0.0331461 
0.913143 -0.807985 
0.19535 -0.75386 
-0.132728 -0.759101 
0.322356 -0.156819 
0.347207 -0.484325 
0.56092 -0.625842 
0.267282 0.201224 
-0.0288455 -0.805673 
0.569931 0.834047 
-0.173686 0.862589 
0.185555 0.62369 
0.360923 0.0328819 
0.646535 0.317731 
0.509513 -0.611099 
0.144607 0.403535 
0.21512 -0.472033 
0.540206 -0.765052 
0.68373 -0.553623 
0.0213776 -0.706672 
0.960353 0.64478 
0.812898 0.375178 
0.328632 -0.673922 
0.694396 0.715391 
-0.0426369 -0.597826 
0.33048 0.379311 
0.765721 -0.528802 
0.429188 -0.631575 
0.280187 -0.891406 
0.140351 0.873854 
0.86659 0.770972 
0.0801661 -0.648841 
0.930644 -0.674574 
0.439875 0.971579 
0.321228 0.876727 
-0.00706473 -0.736955 
0.25742 0.450697 
0.871098 0.54638 
0.878238 0.539569 
0.532012 -0.472508 
0.555196 -0.824161 
0.324516 0.132255 
0.817136 -0.394531 
0.246393 -0.870933 
0.222668 0.382221 
-0.0130308 0.992118 
0.535382 0.163655 
0.545192 -0.95046 
0.923653 -0.171636 
0.187741 -0.629252 
0.159138 0.63492 
0.542737 -0.21111 
0.230815 -0.698548 
0.96793 0.00635462 
0.802165 -0.0194559 
0.999751 0.807226 
0.87842 -0.38772 
0.89689 0.033915 
0.375443 0.0769822 
-0.160702 -0.911251 
0.607556 -0.799136 
0.917841 0.16055 
0.369982 0.283407 
0.0474407 -0.664143 
0.305964 0.340051 
0.198659 0.863059 
0.158251 -0.274235 
0.936119 -0.648383 
0.627925 -0.470708 
0.807885 0.128226 
0.983543 0.398955 
-0.0232639 -0.99593 
-0.165586 -0.999987 
0.831893 -0.370378 
0.224874 -0.544784 
0.972224 0.173587 
0.382545 -0.572765 
-0.0408599 -0.732887 
0.374692 -0.558722 
0.134965 0.364993 
0.435678 0.439494 
0.569139 -0.481002 
-0.201881 0.994307 
0.667884 -0.877518 
0.170626 -0.296251 
0.907462 -0.28274 
-0.0144408 -0.707114 
0.155812 0.725984 
0.029335 -0.966512 
0.652517 0.86017 
0.871824 0.744762 
0.0315767 0.709066 
0.274129 -0.712298 
0.410439 0.255414 
0.740568 0.733118 
0.917697 -0.265671 
0.866431 0.0998944 
0.92459 -0.407779 
0.459342 0.155168 
0.944129 -0.029948 
0.663567 0.568767 
0.294738 -0.335117 
0.817123 -0.610695 
0.0453064 -0.535727 
0.0306663 -0.591815 
0.00291321 0.962337 
0.225853 -0.0964485 
0.989587 -0.00757178 
0.741052 0.865749 
0.647224 -0.108462 
0.414905 -0.699535 
0.917399 0.732684 
0.222935 0.873007 
0.632881 0.837205 
0.89838 -0.929984 
0.379988 0.459904 
0.796288 -0.785372 
0.261137 0.936883 
0.200825 -0.736107 
0.257586 -0.743925 
0.854334 0.785331 
0.369315 -0.922342 
0.201551 -0.534265 
0.613871 -0.665461 
0.625713 0.366513 
-0.0145604 -0.717317 
0.0582385 0.814772 
0.621493 -0.561696 
0.750207 0.723591 
0.0388466 0.894343 
0.133718 -0.601819 
0.700317 0.22104 
0.707252 0.780644 
0.284779 0.284108 
0.508182 -0.989021 
0.739698 0.107137 
0.651571 0.950914 
0.238614 0.37919 
0.98789 -0.531369 
0.360559 -0.0771332 
0.286555 0.132394 
0.231805 -0.049685 
0.944455 -0.537199 
-0.137862 0.957636 
0.981844 -0.148948 
0.634042 0.339625 
0.0711248 -0.60608 
0.876741 -0.610516 
0.976291 0.529535 
-0.110248 -0.943754 
0.319171 0.313758 
0.0556499 -0.691718 
0.303575 0.187974 
0.825145 0.204463 
0.414791 -0.600873 
0.688155 -0.181859 
0.532329 0.847779 
0.628198 0.117814 
0.564895 0.186995 
0.831042 -0.683461 
0.88092 -0.370793 
0.793139 0.291311 
0.826982 -0.906798 
0.560504 0.39252 
0.0786971 0.662815 
0.929521 0.459024 
0.817021 -0.330211 
0.140949 0.930144 
0.927482 0.183988 
0.281493 -0.946392 
0.498101 -0.4196 
0.855775 -0.985325 
0.966732 -0.142727 
0.736235 -0.0944876 
0.565002 -0.00868216 
0.0788713 -0.410061 
0.110711 0.727063 
0.975976 -0.779702 
0.159977 0.740777 
0.239614 -0.813196 
0.60801 0.819239 
0.957727 0.515703 
0.329011 -0.306983 
0.544979 -0.537864 
0.111465 -0.602499 
0.150563 0.510843 
0.849771 0.105602 
0.848125 0.44186 
0.33298 0.399182 
0.500744 0.00946123 
0.216638 -0.966052 
0.85551 0.557855 
0.251972 0.89005 
0.740486 -0.651992 
-0.0353905 -0.808047 
0.975867 -0.605453 
0.92589 -0.559154 
0.293292 -0.64623 
0.80851 0.622401 
0.696703 -0.507704 
0.798781 -0.894167 
0.083102 0.695775 
-0.101212 0.92223 
-0.0876589 0.716549 
0.694176 -0.986779 
0.314898 0.488147 
0.27914 -0.485976 
0.507169 -0.0164928 
0.806068 -0.408952 
0.745578 0.935992 
0.745074 0.463165 
0.412556 -0.17834 
0.64346 0.626565 
0.68567 0.0487774 
0.479059 -0.457136 
0.918813 0.482678 
0.373288 -0.148996 
0.780411 0.369121 
0.732403 -0.501672 
0.404137 0.323189 
-0.157135 -0.961967 
0.226332 -0.0356012 
0.581405 -0.333152 
0.710008 -0.899803 
0.644009 -0.143171 
0.595181 -0.801335 
0.886737 -0.612491 
-0.132735 -0.880691 
0.22218 0.183896 
0.733907 0.771381 
0.597289 0.630517 
0.548951 0.217496 
0.108929 0.771948 
0.125455 0.521465 
0.270449 -0.557896 
-0.00111814 -0.792498 
0.48848 -0.120732 
0.852178 0.563172 
0.655744 -0.905878 
0.916203 0.632079 
0.0788681 -0.46461 
0.956642 0.280309 
0.738622 0.0195054 
-0.172136 0.912315 
0.597662 0.908032 
0.538575 -0.176284 
0.296221 0.583229 
0.329639 0.242494 
0.970213 0.368744 
0.329672 0.801703 
0.229167 -0.388383 
0.439439 -0.346609 
0.545483 -0.0694199 
0.70944 -0.44597 
0.576114 0.742451 
0.367381 0.577408 
0.49024 -0.531531 
0.557038 0.138427 
0.543514 0.84066 
0.96525 0.956912 
0.824456 0.629404 
0.393808 0.728496 
-0.162264 0.821388 
-0.00852852 0.661244 
0.00729221 0.560183 
0.618857 -0.873409 
0.61628 -0.17635 
0.897365 0.0190187 
0.849343 0.899504 
0.0586123 -0.903596 
0.519461 0.576349 
0.693515 -0.0956525 
0.368265 -0.577159 
0.142477 0.607178 
0.838182 -0.673163 
0.145712 0.985731 
0.300332 -0.316661 
0.28059 -0.128452 
0.592971 0.0703226 
0.971093 -0.832907 
0.776231 0.115577 
0.501148 0.79976 
0.492332 0.623706 
0.621447 0.662774 
0.85848 0.480308 
0.530698 -0.562404 
0.161762 0.735729 
0.987289 -0.640424 
0.386633 0.138907 
0.602718 -0.122 
0.587355 -0.329309 
0.328867 -0.731091 
0.556631 -0.70794 
0.971782 0.732369 
0.93148 -0.614783 
0.616936 0.83615 
0.806366 0.592583 
0.54448 -0.930002 
0.365558 -0.0740197 
0.217403 -0.105621 
0.822165 0.134202 
0.53175 -0.881979 
0.586902 0.0700504 
0.584049 0.104158 
0.591155 -0.463334 
0.753422 0.7668 
0.777341 0.765439 
0.73648 0.0134954 
0.816657 -0.444186 
0.557776 0.541234 
0.527123 -0.647413 
0.927215 -0.294668 
0.538406 0.99046 
0.665806 0.204682 
0.0825411 -0.731838 
0.971695 -0.720064 
0.132131 0.721657 
0.888845 0.816418 
0.99298 -0.988684 
0.84495 -0.924572 
0.726265 0.339409 
0.447813 0.396445 
0.776696 -0.0666628 
0.458012 -0.196504 
0.250559 -0.852446 
0.939686 -0.692446 
0.0538203 0.557351 
0.872819 -0.524386 
0.651939 -0.867068 
0.143219 -0.911047 
0.03753 0.766395 
0.797692 0.81002 
0.973975 -0.400892 
0.205551 0.703842 
0.536495 0.878632 
0.831755 -0.689957 
0.684265 0.450051 
0.347871 0.664307 
0.999875 0.898902 
0.341002 -0.785847 
0.262651 0.369703 
0.403089 0.719321 
0.314137 -0.299264 
0.265547 -0.954647 
0.296879 -0.348093 
0.568253 0.628563 
0.265474 -0.180491 
0.486792 -0.487063 
0.0152995 -0.86067 
0.719102 -0.0473838 
0.985434 0.191483 
0.248393 0.745952 
0.410025 -0.713404 
0.602687 -0.6438 
0.765585 -0.805727 
0.140484 -0.887961 
0.0432428 0.781013 
0.484109 0.418399 
0.0282722 -0.829496 
0.662374 0.511567 
-0.0857443 0.895699 
0.80656 -0.143695 
0.909805 -0.906555 
-0.00675076 0.539974 
0.615936 0.0424519 
0.499924 0.225503 
0.0315831 0.817899 
0.431292 0.720073 
0.262864 -0.0510944 
0.052803 -0.540151 
0.877319 -0.896771 
-0.0244321 -0.62974 
0.173361 -0.316535 
-0.00717919 -0.660583 
0.71693 -0.551433 
0.705095 0.523455 
0.376158 0.0821161 
0.43003 -0.491845 
0.885188 -0.653013 
0.815532 0.642876 
0.811234 0.410199 
0.212421 0.160743 
0.721223 -0.397912 
0.295692 -0.301391 
0.527934 0.991053 
0.622967 0.207949 
0.998546 0.567703 
0.687362 0.500385 
0.557798 0.914631 
0.194995 -0.717491 
0.0619323 0.895411 
0.863872 -0.911201 
0.957562 -0.260248 
0.660824 0.461357 
0.018741 0.979877 
0.796241 0.418139 
0.781194 -0.474517 
0.792098 0.790109 
0.153801 0.925851 
0.785888 0.421953 
0.516544 -0.452161 
0.536634 -0.793492 
0.607579 -0.425396 
0.373376 -0.662894 
0.748382 0.0500621 
0.533501 0.547142 
0.302357 -0.283632 
0.98873 -0.420786 
0.473971 0.0262404 
0.217296 0.0949555 
-0.0830089 0.869733 
0.615139 0.646838 
0.638485 -0.985637 
0.405972 -0.82794 
0.817802 0.801106 
0.188029 0.207882 
-0.121673 -0.962065 
0.57309 -0.0779686 
0.279697 0.871074 
0.146045 0.581663 
0.00863566 -0.860491 
-0.115738 0.787938 
0.878107 0.349798 
0.857936 -0.669094 
0.542545 0.546894 
0.362904 -0.678768 
0.316355 0.983634 
-0.070035 0.921381 
-0.00341342 0.630577 
0.103094 0.708057 
0.321515 -0.295687 
0.388357 -0.880032 
0.192072 0.159457 
0.9747 -0.209068 
0.193467 -0.392506 
0.529447 0.417236 
0.484482 0.689011 
0.208737 0.244332 
0.486473 0.146458 
0.637913 -0.589171 
0.63474 0.0800394 
0.811009 0.622346 
0.945015 0.862881 
0.446776 0.958794 
0.445289 -0.0343878 
0.678109 0.98318 
0.309398 0.0509149 
0.406449 -0.804988 
0.572108 -0.582216 
0.693966 -0.507236 
0.881497 -0.67918 
0.0937037 0.878881 
0.638845 -0.933944 
-0.0525431 0.90797 
0.246719 0.602438 
0.95673 -0.240397 
0.584934 0.990962 
0.763458 -0.556833 
-0.0857318 -0.893897 
0.277947 -0.548843 
0.475515 -0.0238827 
0.604046 0.196082 
0.453181 0.609626 
-0.0110344 0.544609 
0.70127 0.250837 
0.559361 -0.82596 
0.0955869 0.528593 
0.433941 -0.750124 
0.657591 0.129073 
0.181201 -0.559562 
0.28145 0.335116 
0.298597 0.516605 
0.58139 -0.583064 
0.445357 -0.888952 
0.309156 -0.0100472 
0.591588 0.813233 
0.0119483 0.815111 
0.188587 -0.413639 
0.315845 0.406622 
0.113502 -0.374656 
0.781444 -0.269143 
0.517952 -0.779695 
0.891636 -0.269929 
0.230669 0.859139 
-0.0394393 -0.856481 
0.865257 0.381921 
0.938085 0.386534 
0.47477 -0.540251 
0.567035 0.157474 
0.66069 0.224878 
-0.0512256 -0.948054 
0.0537178 0.834689 
0.609971 -0.217565 
0.272867 0.0700238 
0.889894 0.446677 
0.22026 -0.0849135 
0.858067 -0.465298 
0.204345 0.426534 
0.7502 0.617466 
0.6949 -0.808416 
0.95228 0.969347 
-0.0586117 0.913661 
-0.0975022 -0.718732 
0.279162 -0.130002 
0.326511 -0.32917 
0.28885 0.708771 
0.317257 0.144485 
0.356267 -0.228729 
0.784382 -0.891123 
0.889376 -0.259376 
0.664887 0.753722 
0.659196 -0.896375 
0.631112 -0.894703 
0.733491 -0.212683 
0.73445 -0.105358 
0.141314 -0.938992 
0.369201 -0.830818 
0.448837 -0.403293 
-0.138099 0.978162 
-0.0372932 -0.787124 
0.801463 0.182418 
0.723319 0.82424 
0.679549 -0.826405 
0.617241 -0.037187 
0.998117 -0.639835 
0.290042 0.740645 
0.0213702 -0.831565 
0.375 0.619704 
0.415854 -0.733632 
0.913161 -0.503931 
0.438419 0.512907 
0.424897 -0.751927 
0.357646 0.951521 
0.216607 0.508548 
0.318407 -0.537672 
0.792082 0.524435 
0.181914 -0.570832 
0.283517 -0.934071 
0.677722 0.472314 
0.181913 -0.595094 
0.260608 0.0412444 
0.588133 0.745471 
-0.00884082 -0.587667 
-0.0451809 0.644527 
0.563273 0.93467 
0.994344 -0.0655613 
0.111925 -0.884588 
0.735349 -0.996881 
-0.140009 0.869308 
0.456181 -0.962228 
0.987864 -0.976799 
0.933618 -0.678302 
0.510003 -0.372124 
0.311485 -0.870296 
0.929752 0.336348 
0.0817945 0.720395 
0.718318 0.77024 
0.894811 -0.910057 
0.675792 0.0295403 
0.484118 0.573126 
0.530344 -0.512276 
0.175482 -0.680149 
0.737369 0.967762 
0.131949 -0.328811 
0.40043 0.0299702 
0.845757 0.638386 
0.870734 0.42907 
0.225742 0.0506429 
0.405019 -0.843243 
0.498171 0.758018 
0.337398 0.647869 
0.730809 0.704988 
0.732562 0.170814 
0.875729 0.38377 
0.657606 0.383587 
0.942462 -0.0476299 
-0.00182286 -0.636878 
-0.0108694 -0.68171 
0.494426 -0.177324 
0.866424 -0.0106922 
0.295644 0.889018 
0.0187204 0.633842 
0.984476 0.0844234 
0.903505 -0.787391 
0.315435 -0.488519 
0.280397 0.629255 
-0.111804 0.905622 
0.793835 -0.0183475 
0.65759 0.122139 
0.791111 0.200977 
0.143544 0.552276 
0.567369 -0.229126 
0.655247 0.730692 
0.741962 0.161464 
0.639748 0.23968 
0.307399 0.451592 
0.640956 0.55227 
0.287477 -0.380036 
0.742323 0.215318 
0.842575 -0.838836 
0.843158 0.957196 
0.227832 -0.828822 
-0.0189747 -0.908464 
0.650141 0.912127 
0.118258 -0.434054 
0.854609 -0.583728 
0.238875 0.779707 
0.541693 0.235596 
0.731668 -0.8491 
0.886838 -0.915264 
0.223054 0.866853 
0.605989 0.851419 
-0.0611009 -0.923307 
0.870646 0.949464 
0.583702 0.273341 
0.0451567 0.948314 
0.314836 -0.545952 
0.191193 -0.617198 
0.755366 -0.564526 
0.00662109 -0.719336 
0.112129 0.549404 
0.260337 -0.51519 
-0.0102654 -0.53033 
0.739444 -0.159643 
0.880231 0.0413598 
0.0694113 0.595323 
0.784989 -0.682971 
0.874158 -0.0210382 
0.411094 -0.749633 
0.917619 0.426057 
0.746689 -0.396974 
0.0512379 -0.844719 
0.803837 0.0830326 
0.209054 -0.43164 
0.525632 0.297984 
0.216806 -0.146243 
0.0999252 -0.55696 
0.974507 0.544898 
0.721988 0.456681 
0.527415 0.26102 
0.955654 -0.327168 
0.295459 -0.225767 
0.293746 0.985795 
0.250298 0.753235 
0.627051 0.846851 
0.732889 -0.336045 
0.0923202 -0.375109 
0.855469 -0.129363 
0.347324 -0.532225 
0.891162 -0.24705 
0.778151 0.386546 
0.681417 0.583507 
0.826737 0.968862 
0.254433 0.261631 
0.0982012 0.467724 
0.51776 -0.0107015 
0.294693 0.910969 
0.656989 0.0188911 
0.651545 0.516394 
-0.0167108 -0.857831 
0.438604 -0.374797 
0.794033 -0.694661 
0.838307 -0.566712 
-0.0595577 -0.985498 
0.727414 -0.352296 
0.957261 0.685937 
0.540456 -0.556187 
0.158299 0.532523 
0.114396 0.65944 
0.996642 0.560107 
-0.0632341 -0.774746 
0.837721 -0.415869 
0.496524 -0.91557 
0.2234 0.689641 
0.788016 0.186379 
0.469539 -0.455015 
0.565326 -0.562875 
0.38259 0.19209 
0.464372 0.703874 
0.402502 0.843367 
0.465742 -0.279573 
0.126462 -0.560976 
0.160339 0.821584 
0.365641 -0.679642 
0.362973 0.488895 
0.861876 -0.448618 
0.0924025 -0.991204 
0.841634 -0.663645 
0.123697 0.97016 
0.926947 -0.798602 
-0.110244 -0.865256 
0.049787 0.770396 
0.0450342 0.890089 
0.966197 0.872053 
0.599703 -0.790963 
0.279278 -0.176743 
0.166768 0.873878 
0.054068 0.720901 
0.180433 0.545258 
0.156501 0.318245 
0.749473 0.398312 
0.426423 0.896854 
0.35385 -0.849057 
0.373475 0.986467 
0.0378852 0.735817 
0.877918 -0.831371 
0.398362 -0.734042 
0.955388 -0.800157 
0.902861 0.380569 
0.228982 0.498929 
0.699365 0.232315 
0.520252 -0.125225 
0.416727 -0.077159 
0.849815 0.83264 
0.182493 -0.84613 
0.495888 0.38918 
0.943731 -0.720288 
0.111524 0.38151 
0.0439767 -0.883361 
0.937505 0.644958 
0.684124 0.0773154 
0.225933 -0.751049 
-0.00436314 0.668634 
0.262779 0.520875 
0.345909 -0.311662 
0.75142 -0.886087 
0.289518 -0.0734277 
-0.0987122 0.943368 
0.66447 -0.25656 
0.703147 -0.206343 
-0.0148373 0.62903 
0.110955 0.822931 
0.997184 -0.331518 
0.181722 0.204172 
-0.033238 -0.631391 
0.209525 -0.514985 
0.642604 0.252969 
0.200167 0.212215 
0.694647 0.935761 
0.0717075 -0.811395 
0.88565 -0.885905 
0.599543 0.521571 
0.0443585 -0.465911 
0.816933 0.185581 
0.423479 -0.5815 
0.731063 0.978608 
0.614867 0.0648278 
0.871124 0.982105 
0.237419 0.302784 
0.898502 -0.875937 
0.1198 -0.527566 
-0.146901 -0.958954 
0.865336 -0.295752 
0.913335 0.415196 
0.191868 0.719611 
0.503003 -0.0311139 
0.5307 -0.52274 
0.307823 -0.415862 
0.600631 0.800088 
0.657498 0.569168 
0.0108852 0.948104 
0.788807 -0.528719 
0.0663602 -0.684661 
0.901589 -0.997957 
0.0891865 0.957715 
0.309212 0.922997 
0.807897 0.319299 
0.460124 -0.690161 
0.467863 -0.621711 
0.905764 -0.825978 
0.98899 -0.0390988 
0.865722 0.187973 
0.775411 0.33932 
0.951098 -0.890159 
0.378571 0.635481 
0.537068 0.499901 
0.0489614 0.893993 
0.357379 0.472302 
-0.0164546 -0.551872 
0.688112 -0.904999 
0.886088 0.488507 
0.343497 -0.85238 
0.0484637 0.529075 
0.171026 0.438841 
-0.0676537 0.944886 
0.692019 0.758176 
0.665734 0.988996 
0.96305 -0.026987 
0.429696 -0.100895 
0.262897 0.509743 
-0.0982252 -0.870829 
0.254542 0.0799318 
0.283351 0.279992 
0.145074 0.258252 
0.433132 -0.347361 
0.811323 -0.0880774 
0.0144416 0.719464 
-0.0908354 -0.670779 
0.224502 -0.790415 
0.126516 0.36277 
0.63541 -0.661384 
0.165481 -0.760899 
0.621787 0.375835 
0.664938 -0.386003 
0.447181 -0.222795 
0.624874 0.249512 
0.875178 -0.876124 
0.982067 -0.394513 
0.197856 -0.626409 
0.460069 0.3775 
0.634237 -0.372533 
0.832848 -0.321437 
0.770414 0.352485 
0.220558 0.917561 
0.65078 -0.344506 
0.311802 0.461809 
0.565652 0.906395 
0.351799 0.685789 
0.0531106 0.630136 
0.69722 0.182196 
0.292213 -0.776062 
0.733049 0.359904 
0.914202 0.990227 
0.751651 0.999924 
0.323498 -0.970568 
0.378693 0.686272 
0.172922 0.296108 
0.685366 0.942165 
0.974283 0.768738 
0.176132 0.243365 
0.23749 -0.50468 
0.475001 -0.652533 
0.87724 -0.227692 
0.849971 -0.53579 
0.974529 0.909826 
0.776256 0.535524 
0.555785 -0.929862 
0.238817 -0.201046 
0.372858 0.617248 
-0.0712129 -0.875279 
0.743589 -0.506647 
0.782543 0.198146 
0.239762 -0.326915 
0.931636 0.0116838 
0.370312 -0.167604 
0.738058 0.533288 
0.97946 -0.209033 
0.785501 -0.0849842 
0.239888 -0.196155 
0.264653 0.0231383 
0.884626 -0.0826607 
0.722261 -0.963203 
-0.218063 -0.980572 
0.306422 0.030335 
0.775422 0.525697 
0.862938 -0.59991 
0.374416 0.80525 
-0.169994 0.904989 
0.142819 0.364239 
0.265455 -0.499963 
0.101314 0.778096 
0.223568 -0.486903 
0.623542 -0.126375 
0.719304 -0.653041 
0.347906 -0.739966 
0.686328 -0.881528 
0.541793 -0.0815159 
0.211572 -0.10186 
0.0308663 0.769454 
0.215655 0.505924 
0.596226 0.776612 
0.525373 -0.0503624 
0.380086 0.103223 
0.864238 -0.754776 
0.481788 -0.582998 
0.783155 0.48882 
0.234882 -0.339705 
0.57831 -0.343868 
0.605106 0.0167556 
0.638171 -0.259717 
0.932071 -0.676092 
0.915001 0.418555 
0.657791 -0.50036 
0.449735 0.700191 
0.116216 -0.75896 
0.618422 -0.176319 
0.601559 0.407825 
0.308723 0.700285 
0.750421 0.32862 
0.333008 0.867731 
-0.0456269 -0.851194 
-0.0868063 -0.952727 
0.695038 -0.488164 
0.248539 -0.798086 
0.566586 0.608174 
0.517373 -0.519877 
0.424028 0.64413 
0.739639 -0.894325 
0.221131 0.5501 
0.0601485 0.915956 
0.46892 -0.857058 
0.94728 0.929293 
0.62224 -0.00516286 
0.185209 0.813895 
0.816139 0.854691 
0.791052 -0.787822 
0.672631 0.912363 
0.0928799 -0.968345 
0.482692 0.597232 
0.503937 -0.325547 
0.525074 0.915059 
0.877864 0.260848 
0.240299 0.705294 
0.337384 0.409572 
-0.0521857 0.915162 
0.83187 -0.768865 
0.863471 0.348839 
0.936033 -0.100174 
0.368224 0.742025 
0.167501 -0.814805 
0.239718 0.932366 
0.270126 0.00788056 
0.448551 0.789266 
0.615371 0.544088 
0.49375 0.462373 
0.936632 -0.03202 
0.0231607 -0.738722 
0.304932 0.983997 
0.033046 -0.596047 
0.237401 -0.00778152 
0.451751 0.571497 
0.381839 -0.425191 
0.712442 0.0197578 
0.0693336 -0.709552 
0.553946 0.163603 
0.942948 0.126465 
0.907903 -0.874252 
0.445042 -0.175492 
0.505903 0.705315 
0.235345 -0.55804 
0.927476 0.0877077 
0.103623 -0.403065 
0.862191 0.837531 
0.380752 -0.709389 
0.995566 0.478987 
0.330387 0.821598 
0.594953 -0.62245 
0.48505 0.231954 
0.443029 -0.00694537 
0.761989 0.751896 
0.518309 -0.775539 
0.202264 -0.552281 
-0.189388 0.948292 
-0.0574171 0.990693 
0.579648 0.147927 
0.214486 0.860735 
0.376495 -0.24073 
0.0578816 0.816502 
0.940914 -0.0587717 
0.224615 -0.903055 
0.359826 -0.402366 
0.987431 -0.245055 
0.896695 0.749751 
0.433858 -0.149464 
-0.0358536 -0.591325 
0.716604 -0.0428517 
0.0881296 -0.805279 
0.874379 -0.316818 
0.0250586 -0.840475 
0.721732 0.144163 
0.951485 -0.383691 
0.536043 -0.728739 
0.0771658 0.925486 
0.647823 -0.0345318 
0.774413 -0.432417 
0.364939 -0.472306 
0.765293 0.274304 
0.225346 -0.617705 
0.22431 -0.0151139 
0.51266 0.277939 
0.00611891 0.840519 
0.604488 -0.364579 
0.523858 0.48631 
0.738123 -0.374745 
0.523776 -0.901493 
0.612036 0.483461 
0.0193661 -0.514271 
0.650759 -0.687927 
0.744014 0.635431 
0.75605 0.939861 
0.241378 0.835235 
0.808627 0.595163 
0.900809 -0.0965595 
0.738824 -0.579217 
0.950136 0.938449 
0.508367 0.121882 
0.476402 0.892222 
0.738544 0.715413 
0.50501 -0.295534 
0.967584 0.187277 
0.541286 -0.610458 
0.197969 -0.727888 
0.38535 0.572845 
-0.190929 -0.946049 
0.893457 0.33515 
0.870579 -0.175686 
0.00768046 -0.91444 
0.293534 -0.570648 
0.752902 0.0311785 
0.0168156 0.619546 
0.717507 -0.867177 
0.874535 0.309821 
0.973064 0.282543 
0.703417 0.330462 
0.0732691 -0.566589 
0.161772 0.89512 
0.288155 -0.977626 
0.310077 -0.529771 
0.145457 0.689508 
0.558237 0.28131 
-0.0203861 -0.629501 
-0.017216 0.651185 
0.461492 0.299048 
0.0929062 -0.525874 
0.923778 -0.0594088 
0.983108 -0.911156 
0.242115 -0.775294 
0.39687 0.198504 
0.25993 0.644329 
0.0149296 0.921154 
0.751747 0.603766 
0.577733 -0.04614 
0.524523 -0.345116 
0.795831 -0.465106 
0.964993 0.636005 
0.569848 -0.568705 
0.883358 0.605322 
-0.181771 0.978207 
0.732806 0.268153 
0.853956 0.438099 
0.360424 -0.348486 
0.987684 -0.000282305 
0.0514459 0.650772 
0.436643 0.659722 
-0.0495564 -0.8947 
0.783032 0.421516 
0.413746 -0.169147 
0.553464 0.0632323 
0.744803 -0.101299 
0.54812 0.249431 
0.184856 0.875887 
0.540207 -0.742434 
-0.0892008 0.801734 
0.745332 0.79182 
0.121649 0.546892 
0.373386 -0.493875 
0.40262 0.842284 
0.269136 -0.635442 
0.134419 -0.820754 
0.578501 0.874585 
0.543984 0.744886 
-0.0991927 0.86787 
0.285442 -0.584071 
0.760956 -0.615616 
0.750288 0.0912805 
0.151332 -0.565066 
0.935843 0.72113 
0.31492 0.85561 
0.241369 0.695111 
0.738291 0.457884 
0.563355 0.308354 
0.506919 -0.21941 
0.38308 0.420923 
0.451733 0.274157 
0.49776 -0.145591 
0.60571 0.176009 
0.812154 -0.123612 
0.453989 0.196673 
0.231183 -0.499156 
0.688163 -0.0503912 
-0.122998 0.773761 
0.608741 -0.896757 
0.197712 0.938839 
0.238628 0.62101 
0.734889 -0.716107 
0.388829 -0.946818 
0.837314 0.743352 
0.609212 -0.971228 
0.569631 -0.219534 
0.298057 -0.561216 
0.189822 0.332705 
0.976482 -0.262687 
0.331443 0.555822 
0.420683 0.415706 
0.762963 -0.882477 
0.205237 -0.587237 
0.305373 0.401407 
0.445608 -0.674358 
0.908999 -0.459494 
-0.0948931 -0.868571 
-0.0676335 -0.716013 
0.813502 0.527685 
0.803491 0.277119 
0.751752 0.689684 
0.25847 0.11068 
0.206985 0.798964 
0.183084 -0.914186 
0.424225 -0.0523436 
0.260724 -0.017143 
-0.122376 -0.777879 
0.186667 -0.679521 
0.212942 0.90873 
-0.0200726 0.64026 
0.847826 -0.5948 
0.757673 0.21374 
0.333144 -0.845607 
0.133087 0.788223 
0.27647 0.639344 
0.130491 -0.844725 
0.703784 0.503949 
0.40038 -0.815998 
0.520929 -0.744683 
0.41576 -0.319755 
0.985918 0.32128 
0.644007 -0.177419 
0.112889 -0.675222 
0.810315 0.957737 
0.688133 -0.543452 
0.195176 0.324086 
0.918691 0.437804 
0.180002 -0.707579 
0.844239 -0.87683 
0.630397 -0.919809 
0.763538 0.788239 
-0.0745419 -0.826024 
0.683647 0.0486502 
0.280694 -0.367989 
0.213863 0.389617 
0.286681 0.241757 
0.111704 -0.584723 
0.562946 -0.569898 
0.962738 0.73772 
0.857073 0.830929 
0.886272 -0.419889 
0.92672 -0.615585 
0.304646 0.191316 
0.954906 -0.896708 
0.76822 -0.525758 
0.0168425 -0.92834 
0.651484 -0.502427 
0.769647 -0.548846 
0.3865 -0.100155 
0.693832 -0.759837 
0.822776 0.403353 
0.666415 0.43611 
0.240105 -0.551462 
0.879189 0.528998 
0.863944 0.312843 
-0.052282 -0.702783 
0.321368 -0.775926 
-0.0162277 -0.739303 
0.532379 -0.305924 
0.335381 0.743724 
0.0150644 -0.812345 
0.922189 -0.775456 
0.912651 0.930187 
0.442008 0.834397 
0.858162 -0.866261 
0.753803 -0.827051 
0.63154 0.300251 
0.315963 0.383328 
0.588637 -0.78225 
0.731543 -0.95469 
0.51847 -0.0701508 
0.975041 -0.481434 
0.545267 0.295279 
0.746305 -0.856954 
0.701913 -0.949008 
0.589553 0.611749 
-0.191044 -0.880195 
0.556997 -0.544017 
0.711464 -0.432225 
0.748226 -0.5595 
0.486595 0.207235 
0.99576 -0.256478 
0.737981 -0.752381 
0.740851 -0.517731 
0.493729 0.109857 
0.369886 0.674149 
0.41739 -0.933927 
0.752701 0.642877 
0.836044 -0.615013 
0.47429 -0.614074 
0.83524 -0.114451 
0.422809 0.151988 
0.455839 -0.7078 
0.166515 0.611199 
0.426159 0.457596 
0.815816 -0.580488 
0.312837 -0.142317 
0.912956 0.0566932 
0.842042 0.198015 
0.0379222 -0.64208 
0.553622 0.72448 
0.328132 0.910039 
0.554002 -0.88745 
0.627721 0.108542 
0.271444 0.154001 
0.296904 0.057375 
0.302382 0.1381 
0.405778 -0.0839597 
0.888725 0.807703 
-0.14988 0.972162 
0.447593 0.6962 
0.817157 -0.0488558 
0.880042 0.859142 
0.343208 0.29272 
0.343332 0.375536 
0.686699 -0.653225 
0.451865 0.494514 
0.28089 0.916347 
0.741724 0.160797 
0.509223 0.514951 
0.782611 -0.651206 
0.749129 0.605249 
0.418715 -0.651425 
0.561285 -0.484287 
0.588234 0.450821 
0.950705 0.504369 
0.937605 0.327831 
0.387391 0.885307 
0.250753 0.403464 
0.764403 -0.682076 
0.355297 -0.522948 
0.814602 -0.992222 
0.763497 0.0914413 
0.853104 0.12093 
0.47154 -0.832228 
0.74159 -0.0942464 
0.000174394 0.931046 
0.0854997 0.99361 
-0.0537504 0.617653 
0.901766 -0.0204614 
0.106087 -0.999193 
0.566542 -0.136521 
0.561733 -0.94646 
0.841204 0.115997 
0.188335 -0.656094 
0.671794 0.837421 
0.534683 0.420219 
0.620235 0.286007 
0.92514 0.824034 
0.782016 -0.663057 
-0.000881016 -0.807232 
0.84558 -0.334617 
0.0858552 0.968135 
0.714316 -0.486744 
0.691713 -0.372056 
0.856379 -0.833335 
0.141457 -0.538472 
0.5346 -0.970699 
0.706394 0.365067 
0.322126 -0.0291967 
0.282642 0.369526 
0.620953 0.356679 
0.708095 0.957298 
0.0220845 -0.825414 
0.330072 -0.485103 
0.871552 0.166414 
0.928499 -0.724443 
0.290903 -0.797148 
0.3324 0.642423 
0.413243 -0.624897 
0.825905 0.979696 
0.414291 0.98589 
-0.153577 0.832825 
0.628281 -0.485664 
0.0933902 -0.391396 
0.0953537 0.609257 
0.868976 0.876121 
0.962506 0.843898 
0.998135 -0.339616 
0.924632 0.285731 
0.285825 -0.146021 
-0.182487 0.944711 
0.675667 -0.0620882 
0.484086 0.0283482 
0.447987 -0.687543 
0.457099 0.457989 
0.756291 0.983401 
0.0288486 0.858579 
0.337785 -0.840983 
0.709816 -0.126021 
-0.029205 -0.84777 
0.412384 0.936954 
0.495149 -0.0310648 
-0.10607 -0.720874 
0.277065 0.627685 
0.692157 -0.920116 
0.779864 -0.831965 
0.598812 0.226048 
0.653834 0.979994 
0.753209 -0.821011 
0.759079 -0.151235 
0.193389 0.290206 
0.587994 0.421478 
0.586385 -0.622213 
0.470441 0.693659 
0.318829 0.565133 
0.153548 0.676524 
0.343816 0.512267 
0.91852 -0.43571 
0.655412 -0.488082 
0.799584 0.602392 
0.395472 0.69443 
-0.0238591 -0.999815 
0.112766 -0.738597 
0.393586 0.99967 
0.200901 0.536117 
0.514276 -0.56517 
0.189183 -0.401505 
-0.0977697 0.784205 
0.861649 -0.262658 
0.0120712 0.881037 
-0.0957359 0.966108 
0.317274 0.41883 
0.1797 0.210853 
0.549958 -0.85222 
0.74169 -0.424193 
0.585711 0.0395383 
0.519851 -0.871133 
0.865109 -0.118119 
0.770116 -0.666377 
0.193929 -0.641035 
0.231397 -0.911752 
0.190265 -0.216435 
0.371399 0.109066 
0.54447 0.913972 
0.029092 0.950032 
0.103627 -0.336682 
0.0200553 -0.930336 
-0.164405 0.839139 
0.22499 -0.596379 
0.666419 0.500787 
0.724337 -0.0605388 
0.524795 0.236988 
0.404617 0.394837 
0.0252889 -0.968974 
0.45339 0.127031 
0.368023 -0.63521 
0.022074 0.997053 
0.310479 0.222883 
0.00136885 -0.99366 
-0.108584 -0.975488 
0.969653 0.959522 
0.694057 -0.977525 
0.731416 0.914674 
0.934102 -0.551855 
0.980427 0.0313878 
-0.0264861 0.848114 
0.257846 -0.383495 
0.606846 -0.731829 
0.146091 -0.650883 
0.604141 -0.202596 
0.963095 0.741062 
0.352243 0.155354 
0.969629 0.561254 
0.999094 -0.221161 
0.943503 -0.544503 
0.539028 -0.558284 
0.912715 -0.00411244 
0.88221 -0.69067 
-0.0868279 0.683581 
0.952285 -0.939179 
0.400791 0.0934811 
0.473309 0.89766 
0.969729 0.24228 
0.405339 0.530421 
0.782659 0.154832 
0.265251 0.0708972 
0.695906 0.0854125 
0.180555 0.583589 
0.384197 -0.809221 
0.782195 0.349406 
0.472229 0.748544 
0.785159 0.168269 
0.104183 -0.994549 
0.62102 -0.523242 
0.584995 0.0118801 
0.750669 0.490918 
0.863772 -0.581896 
0.0660175 -0.443304 
0.576745 -0.643678 
-0.00115776 0.541509 
0.68693 -0.759089 
0.289531 0.139293 
0.711216 -0.592598 
0.207474 -0.980249 
0.949598 -0.106173 
0.864944 -0.893365 
-0.0601517 -0.968956 
0.757178 -0.102184 
0.593277 -0.791916 
0.261111 0.484566 
0.327119 -0.111218 
0.752244 0.957383 
0.728087 0.958592 
0.553315 -0.427197 
0.105238 0.729125 
0.411427 0.845454 
0.643301 -0.033414 
0.411462 -0.554498 
0.547655 0.442158 
0.253248 0.33496 
0.367071 -0.641763 
-0.114539 0.947257 
0.543562 -0.349186 
0.451512 0.562752 
0.17294 0.598988 
0.734388 0.860826 
-0.103358 0.870013 
0.302033 0.266226 
0.452505 -0.740174 
0.817917 0.737585 
0.58295 -0.367247 
0.185943 -0.848132 
0.646476 -0.677595 
0.902075 -0.826867 
0.845374 0.203826 
0.094663 -0.999565 
0.30507 -0.680849 
0.962894 -0.636064 
0.830837 -0.128472 
0.771112 0.0863573 
0.465903 0.425424 
0.101089 -0.990238 
0.406266 0.105569 
0.293314 -0.271942 
0.524662 -0.00262138 
0.778158 0.496303 
0.436801 -0.690473 
0.301298 -0.0852565 
0.0575646 -0.51119 
0.433165 0.196619 
0.56841 -0.741182 
0.959162 0.633771 
0.854221 0.88595 
0.153886 0.358218 
0.568799 -0.203189 
0.996621 0.207826 
0.935735 0.889807 
0.979295 -0.982557 
0.161063 0.989726 
0.32021 -0.237696 
0.988588 -0.804353 
0.232363 -0.671581 
0.729854 0.652228 
-0.00315183 -0.972804 
0.0863396 -0.890093 
0.206126 0.355274 
0.329746 0.0380037 
0.727409 -0.438058 
0.65231 -0.619575 
0.803535 -0.982381 
0.83607 -0.174106 
0.988122 -0.638987 
0.541923 0.105156 
0.296576 0.555938 
0.111178 0.561697 
0.440109 0.909369 
0.514466 0.63353 
0.273356 0.295209 
0.718689 -0.996495 
-0.0975084 -0.823464 
0.21468 0.119776 
0.228517 0.68397 
0.406553 0.943314 
0.27245 -0.931712 
0.712336 0.23486 
0.818815 -0.169873 
0.947436 -0.440609 
0.685173 -0.303007 
0.73353 0.439441 
0.956227 -0.684596 
0.827851 -0.301713 
0.612192 -0.897335 
0.491949 0.192402 
0.407893 -0.548487 
0.807341 0.974692 
0.796848 0.624491 
0.911636 -0.125632 
0.499881 -0.500314 
-0.0120764 -0.968802 
0.68742 -0.524434 
0.94753 -0.864222 
0.666152 0.0212705 
0.617987 0.515448 
0.650133 0.785058 
0.47073 -0.442065 
0.211067 -0.592595 
0.262963 -0.377331 
0.191332 -0.276738 
0.867835 -0.304135 
0.411273 0.257477 
0.969578 -0.306878 
0.301482 -0.98592 
0.710244 -0.935293 
0.522861 -0.278633 
0.171517 0.683529 
0.0754973 0.882416 
0.759162 -0.755966 
0.487184 0.0958367 
0.728004 -0.443095 
0.896963 -0.747472 
0.952885 -0.867549 
0.209897 -0.264972 
0.615611 0.573589 
0.302429 0.929768 
0.619162 0.25446 
0.701223 -0.546827 
0.937915 -0.462797 
0.170902 0.348339 
0.533987 0.718138 
0.846299 -0.250922 
0.74769 0.428655 
0.406607 -0.164324 
0.211054 -0.812876 
0.694628 0.61189 
0.0370945 -0.5522 
0.105936 0.470229 
0.776712 0.205742 
0.96076 -0.508196 
0.75146 -0.219014 
0.276139 -0.938713 
0.256565 0.093223 
0.798749 0.582813 
0.462965 -0.946037 
0.426252 0.018941 
0.341475 -0.82992 
0.232591 -0.835471 
0.239788 0.112113 
0.276311 -0.0458518 
0.682792 -0.315696 
0.100884 -0.434467 
0.336573 0.774847 
0.847546 0.710865 
-0.177956 -0.902932 
0.423593 -0.676859 
0.0302613 0.601028 
0.96037 0.936719 
0.184253 0.735762 
0.409086 -0.487467 
0.344495 -0.0763384 
0.980407 -0.30585 
0.739329 -0.0921457 
0.326197 0.386043 
0.229205 0.244598 
0.952669 -0.49936 
0.240742 0.156044 
0.6374 0.774963 
0.801478 0.435053 
0.490537 0.447527 
0.61 0.271302 
0.667276 0.915175 
-0.0425306 -0.812099 
0.370379 0.962274 
0.935033 -0.897723 
-0.0295607 -0.826475 
0.529502 -0.657061 
0.774064 -0.31348 
0.979032 0.583664 
0.764773 -0.4675 
0.725199 0.416773 
0.703756 0.0292483 
0.347589 -0.0698955 
0.539843 -0.860197 
0.663337 0.699849 
0.358309 0.101076 
0.791124 0.429022 
0.565255 0.236544 
0.903665 -0.109051 
0.704749 0.718182 
0.493142 0.237816 
0.971602 -0.278372 
0.304363 -0.562984 
0.791274 0.943196 
0.290469 -0.0873328 
0.198122 -0.159148 
0.0977777 -0.650171 
0.576216 0.467304 
0.392815 0.0399222 
0.972113 0.301395 
-0.0674136 0.97977 
0.998696 -0.917966 
0.463345 -0.565855 
0.906365 -0.718817 
0.836449 0.194132 
0.776959 0.357709 
0.0139665 0.734423 
0.789398 -0.579667 
0.204364 0.748417 
0.636351 -0.846843 
-0.140836 0.976751 
0.254599 -0.947235 
0.890164 0.988883 
0.149598 0.286185 
-0.085375 -0.897802 
0.638955 0.912704 
-0.184385 -0.959202 
0.696339 -0.633967 
0.923035 -0.553612 
0.904902 0.684626 
0.506628 0.899644 
0.315353 0.139315 
0.987367 0.680588 
0.649894 0.76124 
0.158485 -0.339997 
0.652264 0.596598 
0.386817 -0.774937 
0.135001 0.969455 
-0.046572 -0.736188 
0.891916 0.438195 
0.748032 0.171911 
0.478932 -0.595362 
0.42564 -0.276444 
0.0737158 0.942264 
0.636807 0.814922 
0.392304 -0.543711 
0.693308 0.42058 
0.689553 -0.685439 
0.401948 -0.456927 
0.429033 0.759114 
0.427556 -0.0610266 
0.326204 0.511641 
0.661719 -0.495235 
0.588994 -0.783698 
0.395417 -0.233073 
0.746684 -0.489967 
0.820299 0.767741 
0.202228 0.846059 
0.755041 -0.0234502 
0.925427 -0.346439 
0.992552 -0.183105 
0.554063 0.136067 
0.876579 0.661368 
0.872325 -0.836538 
0.313285 -0.611612 
0.640085 -0.0979259 
0.160196 0.41341 
0.188229 -0.437282 
0.603517 -0.695864 
0.62134 0.860486 
-0.00814644 -0.917157 
0.109736 0.340618 
0.767212 0.535819 
0.778487 0.0330368 
0.237332 0.83509 
0.54326 0.566867 
0.995016 -0.772533 
0.0371745 0.792652 
0.108607 -0.642726 
0.535611 0.0157937 
0.635163 -0.811535 
0.523182 -0.882634 
0.926073 0.514104 
0.55194 0.451689 
0.446086 -0.634939 
0.575143 0.420683 
0.414813 -0.232345 
0.978516 -0.0808784 
0.677298 -0.655974 
0.29117 -0.304468 
0.810457 -0.656003 
0.559738 -0.480715 
0.6204 -0.945227 
0.0321751 0.766561 
0.853192 -0.400262 
0.799685 0.304611 
0.776349 0.105369 
0.931481 -0.591914 
0.415678 0.300518 
0.812697 0.997959 
0.693768 0.154849 
0.541005 0.673325 
0.567252 -0.200698 
0.876572 0.538244 
0.265913 -0.795153 
-0.142502 0.964015 
0.206406 -0.94244 
0.41356 0.697332 
0.0514457 0.647391 
0.701831 -0.333415 
0.299786 0.504276 
0.626415 0.157956 
0.76319 0.929262 
0.348325 0.291182 
0.979305 -0.826687 
0.796237 0.354604 
-0.163326 0.979238 
0.0551281 0.537709 
0.743021 -0.0422954 
0.919026 0.0710216 
0.160604 -0.729187 
0.545898 0.901183 
0.179907 -0.304581 
0.908727 0.976856 
0.203308 -0.996264 
0.414712 0.0644493 
0.264355 -0.982529 
0.630708 0.309317 
0.684384 0.439421 
0.838757 0.98442 
0.264526 -0.106292 
0.156632 0.520241 
0.392941 0.155703 
0.89776 0.644197 
0.618736 -0.910128 
0.502464 0.919647 
0.501177 -0.719043 
0.971508 0.139762 
0.978944 -0.885111 
-0.105486 -0.894945 
0.654701 -0.446352 
0.162341 0.472765 
-0.0552696 -0.915328 
0.075594 0.50825 
0.156196 -0.817543 
0.871453 0.511388 
0.895516 0.929283 
0.464805 -0.0193091 
0.775924 0.95778 
0.288349 0.27495 
0.869624 -0.234112 
0.354051 0.526879 
0.94248 0.265394 
0.468865 0.221465 
0.367642 0.961724 
0.406608 -0.146542 
0.0534779 0.802434 
0.499991 -0.658034 
0.423213 0.939532 
0.707211 0.0975586 
0.0242046 0.807325 
0.713699 -0.8657 
0.184907 -0.267751 
0.842006 -0.410861 
0.66108 0.775063 
0.490659 0.498943 
0.708922 0.84663 
0.630389 0.945718 
0.681262 -0.0224074 
0.853346 0.179857 
0.862302 0.711179 
0.790309 0.715955 
0.262691 -0.945802 
-0.196644 0.997744 
0.554816 0.792433 
0.421448 -0.725476 
0.927336 -0.270847 
0.87602 -0.729617 
0.241303 -0.424247 
0.559653 0.091442 
0.866331 0.419792 
0.0964256 0.624604 
0.296413 -0.18902 
0.117838 0.509363 
0.860232 -0.0776425 
0.0829084 -0.558945 
0.916579 0.936595 
-0.0601693 0.734112 
0.213496 0.231892 
0.949581 -0.388173 
-0.021461 -0.695735 
0.78339 0.437536 
0.982559 -0.135268 
0.558824 0.154932 
-0.0514693 0.955295 
-0.132383 -0.96585 
0.957872 0.950987 
0.75403 0.975578 
0.545266 0.283977 
0.805739 0.0489612 
0.891661 0.139186 
0.664672 -0.862968 
0.0877632 -0.964569 
0.485991 0.0494371 
0.889756 0.129477 
0.118255 -0.487242 
0.923801 0.322502 
0.298016 0.752912 
0.192245 -0.935504 
0.977077 -0.262778 
0.778004 -0.0895918 
0.229854 -0.85075 
0.569964 -0.608027 
0.892155 0.454798 
0.976636 0.316665 
0.191816 -0.144311 
0.572721 -0.28021 
0.515255 -0.109524 
0.304984 -0.140608 
0.797725 -0.629549 
0.238902 -0.77192 
0.341576 0.864504 
0.903453 0.336963 
-0.154758 0.984605 
0.250794 -0.910586 
0.591576 0.620564 
0.513318 -0.668003 
0.870696 -0.210094 
0.956249 -0.320153 
0.881322 0.377886 
0.801897 -0.519869 
0.567282 0.311804 
0.49709 0.597163 
0.511152 0.934621 
0.180855 -0.366336 
