-0.0269652 0.795313 
-0.000517935 -0.704934 
-0.0733545 -0.869612 
0.260977 0.232701 
0.164842 0.50342 
-0.00861785 -0.840166 
0.358664 0.0725335 
0.389713 -0.0962975 
-0.006836 -0.892611 
0.0526757 -0.679834 
0.0354144 -0.78963 
0.974649 0.933819 
0.122967 0.713752 
0.0513405 0.879743 
0.964065 -0.962168 
0.332728 0.161939 
1 0.998184 
0.348904 0.0349644 
0.0663607 -0.675144 
0.340936 0.115221 
0.00671518 0.86195 
0.0880979 0.661338 
0.136218 -0.577315 
0.00459615 -0.752554 
0.322356 -0.156819 
-0.0288455 -0.805673 
0.0213776 -0.706672 
-0.00706473 -0.736955 
0.222668 0.382221 
-0.0130308 0.992118 
0.0474407 -0.664143 
-0.0144408 -0.707114 
0.0315767 0.709066 
-0.0145604 -0.717317 
0.286555 0.132394 
0.0711248 -0.60608 
-0.110248 -0.943754 
0.150563 0.510843 
0.125455 0.521465 
0.28059 -0.128452 
0.265474 -0.180491 
-0.0857443 0.895699 
0.262864 -0.0510944 
0.052803 -0.540151 
0.173361 -0.316535 
-0.00341342 0.630577 
-0.138099 0.978162 
0.260608 0.0412444 
-0.00884082 -0.587667 
-0.140009 0.869308 
0.216806 -0.146243 
0.0982012 0.467724 
0.156501 0.318245 
0.111524 0.38151 
-0.0148373 0.62903 
0.181722 0.204172 
0.0484637 0.529075 
0.126516 0.36277 
-0.169994 0.904989 
0.211572 -0.10186 
-0.189388 0.948292 
-0.0358536 -0.591325 
0.22431 -0.0151139 
0.0193661 -0.514271 
-0.122998 0.773761 
-0.191044 -0.880195 
-0.153577 0.832825 
0.0933902 -0.391396 
-0.00115776 0.541509 
0.198122 -0.159148 
0.109736 0.340618 
0.191816 -0.144311 
0.074608 -0.0641653 
0.0688997 -0.00303976 
-0.221372 -0.593499 
0.0748515 0.0288693 
-0.119923 0.459495 
-0.99881 -0.998242 
-0.612065 -0.977368 
-0.616352 0.966472 
0.0361672 -0.138304 
-0.441414 -0.843474 
-0.657642 -0.991492 
-0.220537 -0.568348 
-0.885049 0.973766 
-0.28615 0.676203 
-0.24938 0.672413 
-0.0316391 0.242091 
-0.0645173 -0.341888 
-0.196616 -0.519119 
-0.909319 -0.917159 
-0.990369 0.871872 
-0.221656 0.623791 
-0.523179 0.92632 
-0.297215 0.710165 
-0.297655 -0.685691 
-0.48176 -0.947999 
-0.0830381 0.378268 
-0.0117672 0.229003 
-0.668471 -0.992363 
-0.358351 -0.812713 
-0.952278 -0.93992 
-0.5321 0.99658 
-0.0270302 -0.296262 
-0.263301 0.707596 
0.0320183 0.130921 
-0.954545 0.960282 
-0.230775 -0.637682 
-0.0939171 -0.463984 
-0.00442187 -0.318334 
-0.05269 0.439282 
-0.3073 -0.796643 
-0.235774 -0.655587 
-0.130573 -0.538946 
0.0976958 -0.0274241 
-0.162632 0.641452 
0.0609115 -0.260757 
0.111388 0.0987462 
-0.257106 0.827516 
0.0547546 0.261383 
-0.0992116 0.550291 
-0.172982 0.689062 
-0.123555 -0.583101 
0.0855458 -0.232566 
-0.322902 0.979055 
-0.31231 -0.992176 
0.125769 -0.201495 
-0.0224611 0.496417 
-0.106347 0.617913 
0.0277514 0.417743 
0.134336 -0.211719 
0.0489318 0.397284 
-0.165601 0.742556 
0.0956912 0.281308 
-0.099518 -0.599084 
0.00609607 0.45673 
-0.0480418 0.561991 
-0.244834 -0.917351 
-0.245081 0.930072 
-0.185826 0.821566 
-0.229611 0.930699 
-0.174615 -0.751002 
0.0783987 -0.35345 
-0.0445381 -0.551108 
-0.0425682 0.556172 
0.148877 0.175035 
0.116245 -0.277122 
0.0191307 -0.470281 
0.133409 0.205385 
-0.0950394 0.672478 
0.19837 -0.00179675 
-0.161433 0.798219 
-0.250788 -0.998848 
0.0425762 -0.421902 
0.0970031 0.331118 
