0.0655345 -0.562082 
-0.0719389 0.92219 
-0.0993051 0.978725 
-0.0293496 0.720451 
-0.0786053 0.880326 
-0.127149 -0.987317 
0.0773226 -0.439422 
0.0419201 0.551761 
-0.107021 -0.699377 
0.152346 0.477917 
0.198719 -0.136183 
-0.0115107 0.538875 
0.125204 0.305244 
0.233221 -0.257069 
0.187091 0.443743 
-0.114419 0.95436 
0.211205 -0.275833 
-0.0173138 -0.993542 
-0.110962 -0.931514 
-0.0638505 0.863829 
0.0119392 0.662512 
-0.018366 -0.677161 
0.221475 0.335931 
0.194337 0.222221 
0.0683973 -0.446706 
0.211076 -0.439793 
0.054826 -0.539461 
0.0136399 -0.7541 
-0.127018 -0.784522 
-0.0294279 -0.595036 
0.125223 0.626094 
-0.218067 0.951762 
0.257533 0.362398 
-0.142253 -0.852978 
0.278116 0.29299 
0.121829 -0.422691 
-0.188427 -0.899037 
0.16257 0.317187 
0.20481 0.246485 
0.257506 -0.0909057 
0.282748 0.1468 
0.311775 0.010118 
0.158725 -0.316304 
-0.0359026 0.58556 
0.151705 -0.287332 
-0.013409 0.634634 
0.285469 -0.129249 
-0.172841 -0.936323 
-0.180468 0.866011 
0.28465 0.120649 
-0.101786 -0.724569 
-0.0327975 0.773199 
0.154118 0.265877 
0.25559 -0.307137 
0.323782 -0.194433 
0.241428 -0.313021 
0.221446 -0.152309 
0.136875 0.460745 
-0.0493116 -0.779736 
-0.0500316 -0.881306 
-0.109785 0.835954 
-0.0847671 -0.681307 
-0.090868 0.780906 
0.241345 0.290692 
-0.0723981 -0.795064 
-0.0362455 0.821706 
0.21374 0.334209 
0.108618 -0.462829 
-0.183549 -0.913186 
0.16741 -0.334263 
0.101838 -0.410414 
-0.139294 0.891926 
0.0239484 0.500208 
0.185411 0.20672 
0.267384 -0.0845351 
0.280709 -0.128455 
0.148613 -0.262782 
-0.0735809 -0.674934 
-0.137138 -0.881908 
0.0360218 -0.582229 
0.264063 0.0993646 
-0.153799 -0.896252 
0.154081 -0.358761 
-0.0545417 -0.682291 
0.0201485 0.635892 
0.0321646 0.590029 
0.155985 -0.354186 
-0.112878 0.857577 
-0.0355002 -0.651611 
0.157572 0.311303 
-0.132728 -0.759101 
0.267282 0.201224 
-0.173686 0.862589 
0.144607 0.403535 
-0.0426369 -0.597826 
-0.160702 -0.911251 
0.158251 -0.274235 
-0.165586 -0.999987 
-0.0408599 -0.732887 
0.134965 0.364993 
-0.201881 0.994307 
0.170626 -0.296251 
0.0453064 -0.535727 
0.0306663 -0.591815 
0.225853 -0.0964485 
0.231805 -0.049685 
-0.137862 0.957636 
0.0788713 -0.410061 
-0.101212 0.92223 
-0.0876589 0.716549 
-0.157135 -0.961967 
0.226332 -0.0356012 
-0.132735 -0.880691 
0.22218 0.183896 
0.0788681 -0.46461 
-0.172136 0.912315 
-0.162264 0.821388 
-0.00852852 0.661244 
0.00729221 0.560183 
0.217403 -0.105621 
0.0538203 0.557351 
-0.00675076 0.539974 
-0.0244321 -0.62974 
0.212421 0.160743 
0.217296 0.0949555 
0.188029 0.207882 
-0.115738 0.787938 
0.192072 0.159457 
-0.0110344 0.544609 
0.113502 -0.374656 
0.22026 -0.0849135 
-0.0975022 -0.718732 
-0.0451809 0.644527 
0.131949 -0.328811 
0.225742 0.0506429 
-0.0102654 -0.53033 
0.0923202 -0.375109 
0.0443585 -0.465911 
-0.0164546 -0.551872 
0.145074 0.258252 
-0.0908354 -0.670779 
-0.218063 -0.980572 
-0.0537504 0.617653 
0.103627 -0.336682 
-0.164405 0.839139 
-0.0868279 0.683581 
-0.233169 -0.866316 
0.0325839 -0.361934 
-0.175838 0.683021 
-0.147005 -0.715958 
-0.121339 0.649395 
-0.0649364 0.6133 
0.107823 0.175978 
0.0278727 0.457217 
0.0342906 0.322711 
0.0834203 0.0456154 
-0.466773 0.940173 
0.169574 0.0369568 
-8.93376e-05 0.498503 
-0.10814 0.486548 
-0.25496 0.879451 
-0.22188 0.870483 
0.0790093 -0.0898552 
-0.0552401 -0.420467 
-0.149618 -0.626351 
-0.0107382 -0.476443 
0.0830693 0.145613 
0.0338162 0.349049 
0.177776 -0.117374 
-0.358715 -0.929881 
-0.0404343 0.4209 
-0.442143 0.904862 
-0.383345 -0.879715 
-0.281241 -0.820294 
-0.141054 -0.702425 
-0.246367 -0.688254 
0.0291806 0.43831 
-0.167985 0.672751 
0.0523634 0.0719127 
-0.216889 0.742568 
-0.114753 -0.64716 
-0.0365595 -0.455114 
-0.217013 0.662193 
-0.19047 0.773021 
-0.149786 0.546405 
-0.31315 0.884139 
-0.252676 -0.733413 
-0.246997 0.719021 
-0.246133 -0.758619 
0.1716 0.0852006 
0.0592394 -0.362901 
-0.086242 0.531064 
-0.41501 0.923841 
0.201469 0.085649 
0.151248 0.027518 
0.170055 0.110905 
-0.247446 -0.826788 
0.166231 -0.163669 
-0.120978 0.717022 
-0.0666648 -0.435538 
0.166127 0.097813 
-0.0564939 0.506674 
0.0259273 -0.239147 
-0.329794 -0.843572 
0.0880575 -0.017756 
-0.348843 -0.996671 
-0.363247 0.911031 
-0.124979 -0.513978 
0.0368746 -0.249126 
0.113034 -0.233238 
-0.216414 0.735983 
0.170515 -0.159897 
0.173972 -0.0513597 
-0.150135 0.682232 
-0.17437 -0.636038 
0.108887 0.0618612 
-0.197969 0.735777 
-0.291133 0.934506 
-0.344319 -0.975077 
-0.118724 0.610987 
0.13412 0.151305 
0.0899727 0.170363 
0.0509127 -0.309622 
0.0266397 -0.26596 
-0.168821 0.626469 
0.0215633 0.413639 
0.0241829 0.441896 
-0.0225139 -0.391719 
-0.100347 -0.531978 
0.0943805 0.253648 
-0.0101411 -0.44105 
0.0540422 0.286443 
-0.239369 0.925844 
0.0705481 -0.297802 
-0.206743 -0.731819 
0.102681 -0.233087 
-0.233409 -0.897647 
0.0759355 0.247859 
-0.0606054 -0.595361 
-0.0879768 -0.625731 
0.114125 0.0969637 
-0.331228 -0.948179 
-0.039476 0.527098 
0.0986354 -0.235486 
0.189796 -0.0942238 
-0.0585769 -0.502492 
-0.263163 -0.984188 
-0.00931068 -0.484677 
0.1898 -0.0285293 
0.0129934 0.380332 
0.0878008 -0.332433 
-0.202127 0.859479 
-0.19604 -0.841939 
0.149813 -0.0917868 
0.197297 -0.029447 
0.113894 0.218638 
0.0852225 0.33379 
0.171113 -0.105017 
-0.228187 0.864315 
-0.114319 0.638313 
-0.112491 -0.644424 
0.189924 0.0460377 
0.0146091 -0.464123 
0.0791169 -0.282653 
0.0700685 -0.358618 
0.124816 -0.216955 
-0.0362055 -0.506541 
0.0148471 -0.464223 
-0.126452 0.713951 
0.156711 -0.164365 
0.110449 0.308154 
-0.182373 0.853249 
-0.119671 0.695048 
0.00889672 -0.472762 
-0.170691 -0.80639 
-0.169737 -0.772054 
0.0548332 -0.417745 
-0.227935 -0.909367 
0.206703 0.0540395 
0.1842 -0.143797 
-0.144152 -0.76204 
-0.107496 -0.677609 
